num crossings	time (s)	maj axis (mm)	min axis (mm)	theta (rad )	slope (V/s)
5153	5664.225706	115.319861	-1.436026	4.260683	50.119031
5155	5666.284364	115.354362	-1.465854	4.260889	48.996288
5157	5668.343695	115.223597	-1.494650	4.261051	47.772680
5159	5670.402658	114.926956	-1.480299	4.262022	47.827994
5161	5672.461827	115.063070	-1.498621	4.261860	48.833560
5163	5674.521088	114.749514	-1.508276	4.261192	49.053333
5165	5676.579178	113.226112	0.069939	4.253238	50.019016
5167	5678.637446	112.930816	0.065011	4.253322	48.635338
5169	5680.695964	114.591681	-1.641769	4.255554	48.306432
5171	5682.753822	113.023907	0.067491	4.251919	49.277252
5173	5684.812638	114.342677	-1.660040	4.254506	46.603321
5175	5686.870771	114.531087	-1.715283	4.254644	50.153869
5177	5688.929693	113.551197	-1.694446	4.254009	46.739613
5179	5690.988188	113.620666	-1.793307	4.252885	48.853352
5181	5693.046291	113.539793	-1.765684	4.253900	46.876128
5183	5695.104448	113.409803	-1.833315	4.254551	48.337196
5185	5697.162174	113.517184	-1.887204	4.254481	47.606933
5187	5699.219493	113.898310	-1.908861	4.254562	47.247658
5189	5701.277718	113.302981	-1.931876	4.253988	46.875499
5191	5703.335476	113.155724	-1.970866	4.250334	46.994992
5193	5705.394342	112.439034	-1.906546	4.252498	47.264018
5195	5707.452962	112.685476	-2.007599	4.250285	47.761568
5197	5709.512165	112.746523	-2.009928	4.249886	47.166906
5199	5711.571187	112.255691	-2.042312	4.247583	46.414465
5201	5713.630037	112.112387	-2.032802	4.247645	45.633182
5203	5715.688616	112.104333	-1.993423	4.247954	45.623036
5205	5717.747255	111.801707	-2.080622	4.247440	47.339883
5207	5719.805224	111.760682	-2.131284	4.247224	46.013071
5209	5721.864009	111.301935	-2.048861	4.247211	44.680814
5211	5723.922334	111.477626	-2.178765	4.245459	45.611705
5213	5725.980844	111.009429	-2.180674	4.244794	45.476436
5215	5728.039064	110.976360	-2.228858	4.243808	46.457287
5217	5730.097105	111.329017	-2.192984	4.243550	44.963483
5219	5732.154736	110.760563	-2.275007	4.242447	43.844441
5221	5734.212960	110.650431	-2.223768	4.242556	44.878906
5223	5736.270005	110.635681	-2.340880	4.240606	46.173441
5225	5738.328317	110.132607	-2.419846	4.238355	44.948731
5227	5740.386259	109.921705	-2.297676	4.240141	45.770046
5229	5742.444767	110.032743	-2.389438	4.238912	44.469556
5231	5744.503328	109.806740	-2.362766	4.239808	44.692504
5233	5746.562305	110.376070	-2.425414	4.238757	44.367771
5235	5748.621192	109.747230	-2.415079	4.239463	43.029065
5237	5750.679979	109.679502	-2.434064	4.239107	44.037492
5239	5752.738734	109.330399	-2.472615	4.236858	44.148741
5241	5754.797247	109.292690	-2.495466	4.235340	44.627761
5243	5756.855313	108.972220	-2.417327	4.235511	43.062747
5245	5758.913907	109.072398	-2.477554	4.234440	43.522234
5247	5760.972095	108.569602	-2.591165	4.230703	43.186210
5249	5763.030553	108.526422	-2.469651	4.232603	43.425801
5251	5765.088429	108.649416	-2.535200	4.231590	44.199493
5253	5767.146991	108.745142	-2.604999	4.231329	42.940765
5255	5769.204418	108.412277	-2.610152	4.230936	44.105550
5257	5771.263074	108.364318	-2.651441	4.230723	44.141273
5259	5773.320424	108.220745	-2.621194	4.231173	42.707434
5261	5775.378083	108.134874	-2.632535	4.230934	43.786809
5263	5777.435664	108.025484	-2.707317	4.228154	43.639116
5265	5779.493162	107.653091	-2.717963	4.227860	41.574082
5267	5781.551602	107.545791	-2.733898	4.227011	43.165083
5269	5783.610063	107.668309	-2.775150	4.225746	42.539995
5271	5785.668995	107.291280	-2.806114	4.223993	43.030014
5273	5787.726975	107.552355	-2.856657	4.221671	41.864018
5275	5789.786140	107.259239	-2.848229	4.221477	43.055380
5277	5791.844419	106.785750	-2.848678	4.220846	41.845259
5279	5793.903281	106.619005	-2.783781	4.220235	41.076366
5281	5795.961661	106.706599	-2.869839	4.219112	41.715973
5283	5798.019857	106.724443	-2.996106	4.217522	42.091608
5285	5800.078388	106.265562	-2.980747	4.217793	41.529789
5287	5802.136248	106.061608	-2.966720	4.217081	42.865230
5289	5804.194633	105.873350	-2.965419	4.216267	41.199579
5291	5806.252762	105.910410	-3.045664	4.215498	41.495828
5293	5808.310534	105.961716	-3.077386	4.215351	41.297693
5295	5810.368477	105.906497	-3.135341	4.213827	41.319990
5297	5812.426309	105.844728	-3.109947	4.213471	40.122215
5299	5814.483670	105.687312	-3.184101	4.211851	41.279061
5301	5816.541624	105.298409	-3.172732	4.211928	41.374528
5303	5818.599579	105.431138	-3.201937	4.210634	39.908663
5305	5820.657797	104.873451	-3.216622	4.209721	40.923231
5307	5822.716056	105.098116	-3.227351	4.209590	41.552890
5309	5824.774377	104.928480	-3.207196	4.209724	41.510363
5311	5826.833051	104.577866	-3.223149	4.209262	40.327333
5313	5828.891736	104.717402	-3.259106	4.208193	40.333057
5315	5830.950941	104.565521	-3.299486	4.207512	38.881391
5317	5833.008853	104.469690	-3.306465	4.207153	39.195263
5319	5835.067526	103.918728	-3.238344	4.207261	40.077950
5321	5837.125763	103.917374	-3.327059	4.204846	40.419277
5323	5839.184203	103.936689	-3.379501	4.203447	39.323510
5325	5841.242455	103.940554	-3.416594	4.201323	39.701917
5327	5843.300210	104.347286	-3.378575	4.203501	40.024359
5329	5845.358306	103.716624	-3.459819	4.200016	39.288394
5331	5847.416163	103.605251	-3.492269	4.197943	39.534002
5333	5849.474108	103.410645	-3.486200	4.199089	39.619631
5335	5851.531471	103.288891	-3.525946	4.197735	38.161692
5337	5853.589386	104.326946	-3.570772	4.196713	38.733609
5339	5855.647162	103.110751	-3.555825	4.196442	39.307425
5341	5857.704738	103.006053	-3.573612	4.195901	38.315471
5343	5859.762380	102.658467	-3.560168	4.195720	39.386499
5345	5861.820721	102.798166	-3.609439	4.192073	37.424699
5347	5863.878098	102.869865	-3.606071	4.193047	38.930443
5349	5865.937430	102.221732	-3.617830	4.191782	38.753055
5351	5867.995204	102.197361	-3.617587	4.191387	38.128655
5353	5870.053674	102.067116	-3.627677	4.190258	38.199019
5355	5872.111555	102.042551	-3.683141	4.188249	37.585612
5357	5874.170624	101.657983	-3.654603	4.187405	38.181985
5359	5876.228735	102.017047	-3.762524	4.185188	38.407042
5361	5878.287310	101.711780	-3.752000	4.184422	38.091897
5363	5880.344868	101.385377	-3.737900	4.183696	38.640534
5365	5882.403372	101.230589	-3.776807	4.182407	38.031817
5367	5884.461553	101.656326	-3.834684	4.181995	37.379179
5369	5886.518872	100.995332	-3.835256	4.181205	38.452129
5371	5888.576757	101.366002	-3.897306	4.179843	37.703099
5373	5890.635087	100.911794	-3.912742	4.179085	37.450693
5375	5892.692686	100.668160	-3.895562	4.178634	36.914854
5377	5894.750576	100.577417	-3.969249	4.177275	37.521734
5379	5896.808364	100.458614	-3.984519	4.176700	36.396574
5381	5898.866300	100.337772	-3.960763	4.176454	36.886695
5383	5900.924435	100.229531	-3.999833	4.174952	36.233536
5385	5902.982376	100.081425	-4.028671	4.174160	36.382730
5387	5905.040284	99.334526	-4.002598	4.174255	36.874369
5389	5907.099054	99.730805	-4.063421	4.172970	36.187982
5391	5909.156991	99.594879	-4.092153	4.172042	36.356775
5393	5911.215349	99.562096	-4.131278	4.171159	36.461378
5395	5913.274200	99.326903	-4.169187	4.168214	36.411907
5397	5915.332622	99.252816	-4.199815	4.165844	36.090987
5399	5917.390920	99.195637	-4.187564	4.168232	36.523936
5401	5919.449141	99.184786	-4.179789	4.167958	37.246934
5403	5921.507066	99.125530	-4.213719	4.166740	36.131361
5405	5923.564882	99.129370	-4.247722	4.165111	36.499578
5407	5925.622918	98.989044	-4.253956	4.164625	36.493092
5409	5927.681170	98.655963	-4.270335	4.163610	36.207475
5411	5929.739163	98.890696	-4.302819	4.162846	36.459071
5413	5931.797109	98.350957	-4.349022	4.159708	36.149957
5415	5933.854095	98.576746	-4.371211	4.160496	35.493469
5417	5935.912105	98.267208	-4.387823	4.160059	36.072386
5419	5937.970071	98.231228	-4.400929	4.158835	35.630367
5421	5940.026676	98.022170	-4.419446	4.157539	35.574824
5423	5942.084655	97.988110	-4.440951	4.156570	35.328451
5425	5944.142532	98.157907	-4.460560	4.155362	35.055945
5427	5946.200480	98.084406	-4.523582	4.153801	35.854988
5429	5948.258332	97.629858	-4.501937	4.153203	34.935007
5431	5950.316218	97.377647	-4.508114	4.152289	34.637885
5433	5952.374558	97.524934	-4.567077	4.150159	34.771228
5435	5954.431937	97.216851	-4.551251	4.150395	35.012542
5437	5956.490577	97.195968	-4.611407	4.148263	34.538370
5439	5958.548584	96.976260	-4.647497	4.147002	34.459993
5441	5960.607115	96.683626	-4.651032	4.145884	34.815999
5443	5962.665112	96.993725	-4.715859	4.144738	34.475987
5445	5964.723272	96.643627	-4.732783	4.143692	33.667117
5447	5966.781398	96.845105	-4.773892	4.142451	33.752064
5449	5968.839054	96.580271	-4.786114	4.141568	34.603429
5451	5970.897065	96.432287	-4.822452	4.141078	33.304881
5453	5972.954838	96.188614	-4.841448	4.139908	34.652308
5455	5975.012220	96.174179	-4.878960	4.138620	34.034704
5457	5977.070181	95.945451	-4.895967	4.138180	33.132758
5459	5979.128082	96.193343	-4.947301	4.136196	34.676960
5461	5981.185940	95.821842	-4.959777	4.134855	33.874528
5463	5983.244307	95.599835	-4.976468	4.134163	34.005745
5465	5985.301820	95.565206	-5.014908	4.132345	33.379834
5467	5987.359606	95.497581	-5.019925	4.132517	33.590170
5469	5989.417785	95.615566	-5.068503	4.129666	33.532190
5471	5991.475668	94.908267	-5.068571	4.128028	33.743457
5473	5993.533846	95.001006	-5.072638	4.128899	33.152585
5475	5995.591583	95.037764	-5.134549	4.126391	33.881539
5477	5997.650482	94.718683	-5.086497	4.127448	33.520013
5479	5999.708346	94.724268	-5.145738	4.125586	33.126786
5481	6001.767511	94.579683	-5.147337	4.124544	33.162018
5483	6003.824607	94.506085	-5.158633	4.123869	32.600756
5485	6005.882994	94.401371	-5.166490	4.123385	33.005345
5487	6007.940820	94.408378	-5.253437	4.120516	32.810576
5489	6009.998979	94.325574	-5.263531	4.120588	32.494350
5491	6012.056790	94.022503	-5.300975	4.118937	33.433013
5493	6014.114143	94.223207	-5.339015	4.117796	32.099139
5495	6016.172391	93.875754	-5.345664	4.116782	33.181116
5497	6018.229684	93.660703	-5.360763	4.115835	33.032874
5499	6020.287801	93.397580	-5.403900	4.112874	32.197623
5501	6022.345180	94.082188	-5.426060	4.113024	32.538786
5503	6024.402903	93.386569	-5.433934	4.112330	32.619948
5505	6026.460411	93.376176	-5.446173	4.111781	32.044020
5507	6028.517914	93.118483	-5.449433	4.111156	32.363286
5509	6030.575332	93.032325	-5.475417	4.109800	31.874199
5511	6032.633203	92.856933	-5.503346	4.108348	32.267441
5513	6034.690787	92.747699	-5.518774	4.106681	32.252958
5515	6036.749297	92.846665	-5.576630	4.105394	31.882510
5517	6038.806863	92.552274	-5.569250	4.104079	31.016317
5519	6040.864885	92.464817	-5.562076	4.103682	30.923465
5521	6042.922487	92.433790	-5.589660	4.102813	32.301921
5523	6044.979769	92.227537	-5.586053	4.101552	31.160810
5525	6047.038549	92.086058	-5.631657	4.100002	31.151857
5527	6049.096060	92.119506	-5.658026	4.099043	32.008333
5529	6051.154494	91.942540	-5.692304	4.097626	31.270192
5531	6053.212164	91.765602	-5.707373	4.096583	31.476246
5533	6055.270417	91.755589	-5.759551	4.095233	31.153085
5535	6057.328179	91.706032	-5.773878	4.094170	31.132832
5537	6059.386062	91.436364	-5.805669	4.093199	30.941690
5539	6061.443858	91.645399	-5.840738	4.091849	30.250154
5541	6063.501662	91.310289	-5.843905	4.091156	30.788602
5543	6065.559201	91.156625	-5.869344	4.090063	30.967099
5545	6067.616917	90.948827	-5.879322	4.088631	31.227869
5547	6069.674766	91.071117	-5.929920	4.086737	31.900308
5549	6071.732594	90.864358	-5.957912	4.085658	30.358931
5551	6073.789743	90.888309	-5.974939	4.083822	30.758665
5553	6075.848227	90.646190	-6.009626	4.083231	30.160145
5555	6077.906014	90.573716	-6.033887	4.082200	30.423143
5557	6079.964169	90.050133	-6.060114	4.081016	30.148834
5559	6082.022327	90.108123	-6.057637	4.079744	29.875105
5561	6084.080048	90.126474	-6.083745	4.078189	29.468206
5563	6086.138441	89.829871	-6.094819	4.077494	30.237385
5565	6088.195923	89.672095	-6.147625	4.074528	30.666568
5567	6090.253926	89.709353	-6.156728	4.074889	28.980359
5569	6092.311954	89.813603	-6.204942	4.072956	30.622543
5571	6094.370205	89.402544	-6.181075	4.072488	29.948092
5573	6096.428193	89.383767	-6.216600	4.071148	29.343995
5575	6098.485579	89.330764	-6.212164	4.070142	29.185905
5577	6100.543744	89.441507	-6.255142	4.068920	30.761673
5579	6102.601017	89.278914	-6.269209	4.068236	30.526989
5581	6104.658985	89.015439	-6.289093	4.066897	29.241415
5583	6106.717277	88.917622	-6.287667	4.065765	28.706699
5585	6108.774188	88.691269	-6.301560	4.064974	28.980315
5587	6110.832310	88.653283	-6.307183	4.063806	29.301826
5589	6112.889281	88.867048	-6.337500	4.061963	28.882335
5591	6114.947090	88.703844	-6.363261	4.060762	29.071982
5593	6117.004198	88.314946	-6.388162	4.060043	28.881098
5595	6119.061628	88.375063	-6.435500	4.059264	29.052006
5597	6121.119636	88.388011	-6.445103	4.057070	28.797999
5599	6123.176834	87.955335	-6.478543	4.056517	28.640157
5601	6125.235607	87.867478	-6.476717	4.055399	28.659465
5603	6127.292881	87.745390	-6.525086	4.054090	28.678583
5605	6129.350768	87.255766	-6.555026	4.053538	28.644928
5607	6131.407938	87.542515	-6.584749	4.051640	27.942943
5609	6133.466525	87.439284	-6.599424	4.050279	27.786401
5611	6135.523746	87.435739	-6.636675	4.048355	28.188058
5613	6137.581577	87.210742	-6.654132	4.047478	28.566334
5615	6139.639972	87.155998	-6.677686	4.045886	28.567741
5617	6141.697748	87.065124	-6.736221	4.044803	29.048518
5619	6143.755537	87.018316	-6.766890	4.043412	28.259354
5621	6145.813244	86.771504	-6.755237	4.042008	28.111425
5623	6147.870792	86.938093	-6.815790	4.040160	28.799679
5625	6149.928782	86.367427	-6.799985	4.039291	28.137938
5627	6151.986000	86.591314	-6.870298	4.037808	27.580162
5629	6154.043795	86.479673	-6.908674	4.035906	27.876077
5631	6156.101985	86.358940	-6.922044	4.035255	27.648674
5633	6158.159333	86.166517	-6.959567	4.034058	27.699836
5635	6160.217187	86.109168	-6.982366	4.032500	27.359802
5637	6162.274886	85.995349	-7.003223	4.030916	26.491004
5639	6164.332568	85.993888	-7.042693	4.029331	27.716694
5641	6166.390814	85.896395	-7.065774	4.027877	26.880199
5643	6168.448556	85.854954	-7.104865	4.026381	27.549488
5645	6170.506441	85.543510	-7.142323	4.025290	27.112748
5647	6172.563473	85.538907	-7.175743	4.023803	27.183004
5649	6174.622304	85.504038	-7.172313	4.022188	27.073430
5651	6176.679938	85.512280	-7.208265	4.020752	26.716959
5653	6178.737741	85.210725	-7.234283	4.019313	27.005527
5655	6180.795011	85.026620	-7.276560	4.018591	26.645661
5657	6182.853505	84.757146	-7.288340	4.017885	27.204287
5659	6184.910784	84.827300	-7.323470	4.016263	26.555862
5661	6186.968998	84.648356	-7.344138	4.013883	27.183090
5663	6189.026852	84.730270	-7.361980	4.012631	26.931349
5665	6191.084565	84.679380	-7.420506	4.012023	26.861728
5667	6193.142405	84.294371	-7.414122	4.010948	27.280581
5669	6195.199482	84.431527	-7.452512	4.008965	26.528399
5671	6197.257181	84.261021	-7.498911	4.008250	26.958171
5673	6199.315073	84.096912	-7.498582	4.006860	25.861348
5675	6201.372905	84.077373	-7.539069	4.005108	25.839956
5677	6203.430245	84.068780	-7.565623	4.003911	26.393123
5679	6205.487994	83.794335	-7.572480	4.002331	26.140447
5681	6207.545509	83.803325	-7.624537	4.001163	25.888779
5683	6209.602948	83.323232	-7.625977	4.000789	26.170987
5685	6211.660742	84.056968	-7.710953	3.998591	26.381322
5687	6213.718082	83.653580	-7.674200	3.996884	25.692267
5689	6215.776163	83.414289	-7.707877	3.995667	26.275957
5691	6217.833664	83.783954	-7.755409	3.993013	26.498323
5693	6219.890601	83.089752	-7.766050	3.992335	26.072105
5695	6221.948936	82.902540	-7.781080	3.991672	26.784845
5697	6224.006075	83.245247	-7.857139	3.989285	26.517922
5699	6226.063626	82.676068	-7.840704	3.988516	26.696148
5701	6228.122177	82.557435	-7.846661	3.987733	25.523934
5703	6230.179451	82.761238	-7.923822	3.985865	26.167005
5705	6232.237177	82.460594	-7.908390	3.984546	24.901991
5707	6234.295228	82.127813	-7.969879	3.983698	25.331433
5709	6236.352333	82.470561	-8.036641	3.981824	25.963128
5711	6238.410452	82.172123	-8.007590	3.980067	24.913709
5713	6240.467584	82.099006	-8.048791	3.978732	25.491886
5715	6242.525968	82.061662	-8.078188	3.977088	25.233498
5717	6244.583757	81.811285	-8.085226	3.976114	25.635793
5719	6246.641310	81.927039	-8.121729	3.973154	25.577504
5721	6248.698966	81.551994	-8.150555	3.973210	25.659287
5723	6250.756831	81.823144	-8.236356	3.971115	25.218538
5725	6252.814249	81.747823	-8.243302	3.969631	25.551424
5727	6254.872148	81.686189	-8.233601	3.967625	25.308216
5729	6256.929325	81.403279	-8.287695	3.966126	25.212771
5731	6258.987568	81.129475	-8.265353	3.965812	24.892694
5733	6261.045166	81.030597	-8.295227	3.964170	24.907545
5735	6263.102207	81.057644	-8.362115	3.961875	24.827303
5737	6265.160104	80.832995	-8.350736	3.960949	24.967403
5739	6267.218437	80.795439	-8.397140	3.959382	23.929406
5741	6269.276276	80.651181	-8.422227	3.957838	24.708599
5741	6269.276276	80.651181	-8.422227	3.957838	24.708599
5743	6271.333851	80.648651	-8.429298	3.955561	24.042632
5745	6273.391620	80.318992	-8.487606	3.954869	24.410832
5747	6275.449049	80.200705	-8.495108	3.953361	24.692002
5749	6277.506482	80.169213	-8.565072	3.951586	23.751217
5751	6279.564972	79.961206	-8.556058	3.950483	24.268131
5753	6281.621771	79.904137	-8.604425	3.949489	24.066761
5755	6283.679903	79.875086	-8.643883	3.947594	24.409879
5757	6285.737581	79.681691	-8.701373	3.946749	23.527138
5759	6287.794463	79.872020	-8.718862	3.944131	24.380906
5761	6289.852699	79.481937	-8.735554	3.944238	24.511676
5763	6291.910286	79.365764	-8.707886	3.942377	23.289431
5765	6293.967818	79.437514	-8.743008	3.939712	23.475064
5767	6296.025265	79.301371	-8.753128	3.938524	24.199425
5769	6298.081987	79.008046	-8.801120	3.938232	23.500822
5771	6300.139563	79.220543	-8.847369	3.935371	23.593087
5773	6302.196948	79.052615	-8.843731	3.934192	23.492624
5775	6304.255300	78.874361	-8.866236	3.932660	23.709015
5777	6306.313637	78.941359	-8.892942	3.930773	23.808959
5779	6308.369717	78.859956	-8.906899	3.928714	23.152149
5781	6310.428093	78.273477	-8.923061	3.929278	22.913946
5783	6312.485678	78.577412	-8.986882	3.927078	23.095557
5785	6314.542797	78.310298	-8.971655	3.925413	23.472401
5787	6316.600639	78.406291	-9.049075	3.923714	23.464408
5789	6318.658543	78.079808	-9.033186	3.922869	23.331461
5791	6320.715848	78.102518	-9.070316	3.921014	22.798846
5793	6322.773727	77.996589	-9.083854	3.919353	23.267253
5795	6324.830915	77.973242	-9.103717	3.917547	23.241318
5797	6326.888222	77.926851	-9.149507	3.915804	22.529652
5799	6328.946077	77.674100	-9.179282	3.915267	22.815568
5801	6331.003746	77.532312	-9.211015	3.913710	22.811343
5803	6333.061477	77.437377	-9.212284	3.911910	22.957430
5805	6335.119212	77.419034	-9.226030	3.910026	22.172713
5807	6337.176514	77.410111	-9.284472	3.908212	23.114045
5809	6339.234219	77.241122	-9.296788	3.906625	22.152699
5811	6341.291949	77.077994	-9.333026	3.905381	22.369985
5813	6343.349259	76.946360	-9.354024	3.903318	22.614734
5815	6345.407342	76.993794	-9.394443	3.901795	22.255664
5817	6347.463749	76.810158	-9.409024	3.900237	22.315968
5819	6349.522057	76.574171	-9.466808	3.899027	23.101053
5821	6351.579957	76.540993	-9.432463	3.897076	22.789277
5823	6353.637043	76.700220	-9.531924	3.895230	22.659380
5825	6355.695213	76.284302	-9.531197	3.894719	21.610489
5827	6357.752753	76.262889	-9.581797	3.891844	22.368816
5829	6359.810588	76.138418	-9.560296	3.890890	21.198025
5831	6361.867481	76.052786	-9.600815	3.889140	22.059822
5833	6363.924834	75.927659	-9.598998	3.887859	22.524665
5835	6365.983297	75.897383	-9.628257	3.885766	21.860971
5837	6368.040626	75.667384	-9.673677	3.885098	21.890039
5839	6370.098257	75.605743	-9.677841	3.883771	21.597457
5841	6372.156262	75.667800	-9.735113	3.881078	21.798543
5843	6374.213691	75.440852	-9.721246	3.880414	21.434248
5845	6376.271056	75.187466	-9.785785	3.879332	22.179570
5847	6378.328987	75.202164	-9.792291	3.877198	22.517739
5849	6380.386238	75.172660	-9.827855	3.876093	21.130662
5851	6382.442990	75.041120	-9.848366	3.874327	21.194669
5853	6384.501521	74.908854	-9.893860	3.872906	21.556739
5855	6386.558346	74.734438	-9.910343	3.871488	21.559902
5857	6388.615833	74.292574	-9.959192	3.870944	21.718596
5859	6390.673787	74.543372	-9.965424	3.868501	20.998600
5861	6392.730963	74.537102	-9.965603	3.866676	21.704190
5863	6394.788069	74.491615	-10.036200	3.865036	22.314216
5865	6396.845247	74.364109	-10.076041	3.863803	20.428978
5867	6398.903092	74.038668	-10.082786	3.862801	21.465312
5869	6400.961494	74.143930	-10.080081	3.860292	21.513455
5871	6403.017712	74.132296	-10.100654	3.858420	21.031268
5873	6405.075809	73.924953	-10.124474	3.857458	20.546813
5875	6407.133016	73.829957	-10.155959	3.856045	20.757414
5877	6409.190576	73.843609	-10.191845	3.853155	21.667570
5879	6411.249044	73.639242	-10.194707	3.852157	20.219615
5881	6413.306214	73.530358	-10.206727	3.850542	21.243515
5883	6415.363739	73.576585	-10.246657	3.849087	20.273533
5885	6417.421487	73.474178	-10.280127	3.847005	20.724680
5887	6419.478034	73.135683	-10.273910	3.846036	20.409548
5889	6421.536275	73.253208	-10.301611	3.843608	20.777379
5891	6423.592992	72.938140	-10.360906	3.842736	20.697765
5893	6425.651008	72.885427	-10.374920	3.841079	20.272961
5895	6427.708287	72.887600	-10.392879	3.839321	19.521556
5897	6429.766722	72.643003	-10.406461	3.838121	20.586584
5899	6431.823647	72.756905	-10.454792	3.836306	20.048956
5901	6433.880498	72.563639	-10.450070	3.834713	20.223574
5903	6435.939408	72.524802	-10.497296	3.832467	20.126089
5905	6437.996709	72.214318	-10.509037	3.831587	19.522152
5907	6440.054361	72.358874	-10.567738	3.828951	19.731365
5909	6442.111233	72.147928	-10.572281	3.827825	20.041404
5911	6444.169520	72.079889	-10.590781	3.825967	19.282375
5913	6446.225675	71.936772	-10.617224	3.824351	20.094636
5915	6448.283748	71.921508	-10.647343	3.822202	19.230420
5917	6450.341554	71.618123	-10.697210	3.821683	19.471303
5919	6452.399072	71.412065	-10.698972	3.820295	19.691711
5921	6454.456980	71.535239	-10.706733	3.817915	19.522621
5923	6456.514780	71.379731	-10.724723	3.815853	19.919727
5925	6458.570821	71.325264	-10.740352	3.813858	19.524276
5927	6460.628613	71.380142	-10.787077	3.812063	19.756245
5929	6462.686330	71.255955	-10.813523	3.810315	19.877869
5931	6464.744268	71.394319	-10.819771	3.808181	19.608718
5933	6466.802115	70.803981	-10.871119	3.808669	19.361194
5935	6468.859502	70.761662	-10.853149	3.806703	18.935001
5937	6470.916595	70.701303	-10.867198	3.804726	18.870353
5939	6472.974590	70.694050	-10.930507	3.802662	18.870441
5941	6475.030892	70.502015	-10.931557	3.800834	18.888845
5943	6477.088988	70.426080	-10.947625	3.799292	18.912289
5945	6479.147538	70.194029	-10.984541	3.798216	19.292726
5947	6481.204595	70.171757	-11.064659	3.796236	19.325910
5949	6483.261253	70.146181	-11.024620	3.794583	18.118588
5951	6485.318899	69.983852	-11.032127	3.793065	18.745523
5953	6487.376874	69.855076	-11.050718	3.791461	18.224225
5955	6489.433656	69.804051	-11.058172	3.790187	18.612294
5957	6491.491381	69.756451	-11.108643	3.788106	18.267262
5959	6493.547544	69.874708	-11.151338	3.785833	18.132300
5961	6495.606364	69.751885	-11.142569	3.784639	18.291291
5963	6497.663107	69.519746	-11.128028	3.783025	18.028135
5965	6499.720179	69.385970	-11.211961	3.780872	18.382631
5967	6501.778570	69.253335	-11.162458	3.779446	18.469533
5969	6503.835458	69.197186	-11.184010	3.778479	18.210272
5971	6505.893514	69.028924	-11.245469	3.776790	17.893627
5973	6507.951016	68.967811	-11.256367	3.774383	18.239491
5975	6510.008290	68.777091	-11.291935	3.773428	17.824072
5977	6512.065175	68.795096	-11.296983	3.771632	17.532346
5979	6514.123373	68.630345	-11.321335	3.770477	17.497170
5981	6516.180191	68.558432	-11.343117	3.768112	18.628395
5983	6518.237431	68.395373	-11.373497	3.767575	17.914822
5985	6520.294910	68.492095	-11.397420	3.764652	18.058003
5987	6522.352811	68.361800	-11.365117	3.763116	17.624056
5989	6524.410942	68.135890	-11.451408	3.762156	17.506326
5991	6526.468206	68.125031	-11.437057	3.760199	17.272187
5993	6528.525566	68.101326	-11.458253	3.757229	17.716660
5995	6530.583001	67.811829	-11.480302	3.756905	17.289164
5997	6532.640224	67.811907	-11.527067	3.754852	17.389354
5999	6534.697799	67.593621	-11.580529	3.753520	17.360638
6001	6536.755646	67.636020	-11.555985	3.751386	16.884521
6003	6538.812989	67.401771	-11.581118	3.749829	17.386406
6005	6540.870362	67.365743	-11.612804	3.748117	17.187700
6007	6542.928091	67.164591	-11.624917	3.746605	17.326165
6009	6544.985705	67.068890	-11.643543	3.745108	18.008504
6011	6547.043166	67.315757	-11.690702	3.742068	17.373086
6013	6549.100314	66.987379	-11.729116	3.740752	17.439314
6015	6551.157107	66.876781	-11.733423	3.739412	17.355622
6017	6553.215542	66.806570	-11.726390	3.737630	17.260726
6019	6555.272164	66.746676	-11.783572	3.735993	16.847982
6021	6557.329517	66.362371	-11.798015	3.735695	16.778865
6023	6559.387693	66.401111	-11.885178	3.732995	17.218885
6025	6561.445180	66.158912	-11.847521	3.731963	16.610083
6027	6563.502078	66.418475	-11.864720	3.729005	16.883214
6029	6565.559444	66.062619	-11.909530	3.728052	16.402165
6031	6567.617247	66.142743	-11.877411	3.725682	16.757033
6033	6569.675074	66.147001	-11.936551	3.724055	16.364791
6035	6571.731342	66.058573	-11.931235	3.721463	16.339717
6037	6573.790032	65.927955	-11.947106	3.719859	16.765415
6039	6575.847107	65.830027	-11.971221	3.719061	16.864903
6041	6577.904726	65.925128	-11.973880	3.716617	16.597197
6043	6579.962271	65.690936	-12.011120	3.715166	16.359292
6045	6582.019735	65.542342	-11.997031	3.712994	16.291466
6047	6584.077013	65.409427	-12.026567	3.712240	16.303016
6049	6586.134321	65.386249	-12.037604	3.710299	16.345054
6051	6588.191169	65.277915	-12.087957	3.708381	16.308213
6053	6590.249328	65.192590	-12.096246	3.707083	16.374885
6055	6592.305830	64.745600	-12.112760	3.706290	16.383456
6057	6594.363853	65.118322	-12.086035	3.702913	15.953500
6059	6596.420354	64.916303	-12.135480	3.701657	16.132115
6061	6598.478286	64.847097	-12.186702	3.699922	15.578431
6063	6600.535736	64.686923	-12.134823	3.698556	15.813923
6065	6602.593567	64.477064	-12.217659	3.697113	16.028760
6067	6604.650421	64.583846	-12.168013	3.694557	15.906895
6069	6606.708622	64.283668	-12.240868	3.693268	15.713852
6071	6608.765963	64.282799	-12.231648	3.690516	15.653123
6073	6610.822896	64.187540	-12.254699	3.689654	15.454388
6075	6612.880345	64.000714	-12.270670	3.688238	15.069537
6077	6614.938497	64.130025	-12.280896	3.685743	15.813916
6079	6616.995200	63.908944	-12.321955	3.684246	15.979259
6081	6619.051715	64.017905	-12.336047	3.681687	15.789510
6083	6621.108764	63.811143	-12.328851	3.680147	15.577894
6085	6623.167452	63.685299	-12.330926	3.678745	15.466566
6087	6625.224484	63.496527	-12.355283	3.676788	15.177968
6089	6627.282083	63.702003	-12.381841	3.674125	15.590966
6091	6629.339791	63.375464	-12.430216	3.673145	15.696415
6093	6631.396612	63.235500	-12.419316	3.672395	15.178755
6095	6633.454043	63.167223	-12.430738	3.669720	15.554035
6097	6635.511233	63.114833	-12.467820	3.668118	15.084024
6099	6637.568869	62.923331	-12.445426	3.665849	15.450436
6101	6639.626135	62.853260	-12.473262	3.665280	15.459847
6103	6641.683447	62.838984	-12.488595	3.662942	14.780221
6105	6643.740526	62.618558	-12.496064	3.662102	15.803623
6107	6645.798128	62.916940	-12.537864	3.658900	15.311333
6109	6647.854957	62.300023	-12.537540	3.659158	14.638959
6111	6649.913099	62.428575	-12.547709	3.655870	15.210340
6113	6651.970646	62.442913	-12.573407	3.653775	14.827289
6115	6654.027965	62.290574	-12.563520	3.653078	14.408863
6117	6656.083790	62.186483	-12.607876	3.651444	14.598308
6119	6658.142502	62.243255	-12.623621	3.648987	14.994925
6121	6660.198827	61.962534	-12.616911	3.647800	14.673252
6123	6662.257187	61.951432	-12.631835	3.646079	14.706020
6125	6664.314342	61.750868	-12.630489	3.644765	14.864371
6127	6666.370423	61.655827	-12.656375	3.643067	13.972809
6129	6668.429081	61.592046	-12.692687	3.641342	14.683557
6131	6670.485803	61.593202	-12.677432	3.639453	14.001761
6133	6672.544193	61.480283	-12.721397	3.636751	15.200614
6135	6674.600538	61.431133	-12.715266	3.635741	14.878475
6137	6676.657577	61.032563	-12.730412	3.635544	14.138305
6139	6678.715368	61.245156	-12.760963	3.631894	14.048264
6141	6680.773065	61.107091	-12.750031	3.630337	15.237077
6143	6682.829973	60.686225	-12.809395	3.629216	13.952524
6145	6684.887678	60.975667	-12.749135	3.627801	14.558108
6147	6686.944924	60.846090	-12.799301	3.625543	13.684659
6149	6689.002242	60.852233	-12.811176	3.623626	13.773682
6151	6691.059279	60.701170	-12.808130	3.622611	13.995100
6153	6693.116609	60.504584	-12.817738	3.619667	13.577913
6155	6695.174005	60.578129	-12.828637	3.618787	14.020561
6157	6697.231164	60.227163	-12.842260	3.617975	13.684886
6159	6699.288769	60.454860	-12.847288	3.614982	13.680746
6161	6701.345586	60.224621	-12.893653	3.613668	13.312976
6163	6703.403077	60.175652	-12.922587	3.611871	13.847095
6165	6705.459540	60.143154	-12.908113	3.610072	14.416371
6167	6707.516346	59.853450	-12.899703	3.609289	13.848615
6169	6709.574760	59.856076	-12.913084	3.606738	13.304328
6171	6711.631088	59.686065	-12.944122	3.605377	13.859720
6173	6713.687932	59.697656	-12.952029	3.603392	13.508717
6175	6715.747215	59.594447	-12.956473	3.602022	13.268508
6177	6717.805227	59.556923	-12.945927	3.600075	13.570786
6179	6719.861507	59.432808	-12.963515	3.598892	13.371587
6181	6721.918900	59.267285	-12.951977	3.597437	13.673455
6183	6723.976252	59.416211	-13.006792	3.595495	13.229495
6185	6726.033700	59.345798	-12.981142	3.593517	13.728175
6187	6728.091153	59.098190	-12.974052	3.592173	13.410005
6189	6730.148180	58.831250	-13.071832	3.589824	13.946040
6191	6732.203774	58.893916	-13.011758	3.588874	13.341468
6193	6734.263647	58.834654	-13.032814	3.586105	12.830068
6195	6736.319314	58.671158	-13.030879	3.585356	13.454592
6197	6738.377353	58.586013	-13.057056	3.584011	13.106999
6199	6740.434570	58.245040	-13.074576	3.582383	13.004010
6201	6742.492005	58.467501	-13.052316	3.580366	13.331339
6203	6744.549496	58.175368	-13.144719	3.578556	13.468409
6205	6746.606001	58.266183	-13.122514	3.577093	13.245042
6207	6748.663457	58.167390	-13.119236	3.575075	12.748155
6209	6750.720436	58.070838	-13.098596	3.573050	12.633044
6211	6752.778374	58.001740	-13.138573	3.571637	12.817950
6213	6754.835381	57.920863	-13.154684	3.570238	12.605611
6215	6756.892941	57.783940	-13.150435	3.569367	12.943220
6217	6758.948567	57.665764	-13.146420	3.566599	12.528130
6219	6761.007310	57.679684	-13.190856	3.564877	12.745513
6221	6763.064139	57.515667	-13.137824	3.563034	12.484039
6223	6765.121554	57.490187	-13.157623	3.561913	12.861432
6225	6767.178412	57.391212	-13.201658	3.560207	12.649774
6227	6769.235679	57.289530	-13.177992	3.558379	12.339324
6229	6771.292445	57.165089	-13.200563	3.557075	12.438677
6231	6773.350448	57.032372	-13.230408	3.555010	12.638202
6233	6775.407565	57.074973	-13.213091	3.554036	11.959685
6235	6777.465359	57.027704	-13.230232	3.551509	12.486166
6237	6779.521377	57.069518	-13.229282	3.549500	12.297670
6239	6781.578813	56.744760	-13.279538	3.548044	12.324817
6241	6783.635728	56.803366	-13.258034	3.546547	11.656430
6243	6785.694170	56.594495	-13.303513	3.543977	12.000261
6245	6787.750757	56.440607	-13.295127	3.542769	12.491918
6247	6789.807747	56.471780	-13.281564	3.541124	12.486135
6249	6791.865808	56.480669	-13.306275	3.539532	12.951009
6251	6793.922864	56.368380	-13.272975	3.537768	11.654984
6253	6795.979845	56.239073	-13.310945	3.536186	11.701911
6255	6798.037393	56.176358	-13.304306	3.534859	12.371348
6257	6800.093734	56.120180	-13.325720	3.532860	12.059179
6259	6802.151916	55.999797	-13.314853	3.531070	11.577264
6261	6804.208941	55.913480	-13.343138	3.529234	11.840920
6263	6806.265012	55.998899	-13.321421	3.526889	11.853489
6265	6808.323476	56.075851	-13.355062	3.525244	12.036718
6267	6810.380238	55.666812	-13.363313	3.524316	11.769510
6269	6812.438196	55.898936	-13.373392	3.521084	11.630255
6271	6814.495347	55.405513	-13.386386	3.519918	11.315485
6273	6816.552673	55.413505	-13.388924	3.519667	11.570932
6275	6818.608742	55.377853	-13.385193	3.517552	11.808293
6277	6820.666880	55.107182	-13.376137	3.514839	12.089791
6279	6822.724267	55.264455	-13.428669	3.512913	11.829913
6281	6824.779956	54.998885	-13.398599	3.512761	11.766029
6283	6826.837862	55.009091	-13.405707	3.511156	11.750828
6285	6828.895717	54.950801	-13.414963	3.509034	11.503265
6287	6830.953274	54.777163	-13.413552	3.507752	11.145528
6289	6833.009681	54.704509	-13.436431	3.506617	11.217004
6291	6835.066682	54.443421	-13.455976	3.504302	11.148691
6293	6837.122989	54.617200	-13.435037	3.502980	11.209096
6295	6839.181429	54.543689	-13.437694	3.500572	11.583686
6297	6841.237617	54.453387	-13.466362	3.499626	11.039668
6299	6843.296072	54.121212	-13.421248	3.498286	11.444135
6301	6845.351500	54.206398	-13.452031	3.496354	11.343576
6303	6847.409099	54.318314	-13.471279	3.494303	10.730451
6305	6849.468135	54.041150	-13.472639	3.492865	11.133302
6307	6851.525049	53.975092	-13.453440	3.491612	11.368909
6309	6853.581904	53.967539	-13.481089	3.490387	11.160517
6311	6855.639295	53.859399	-13.457284	3.488531	10.563997
6313	6857.696591	53.781247	-13.487240	3.486951	10.945904
6315	6859.752395	53.761253	-13.481335	3.484805	11.643300
6317	6861.810526	53.621937	-13.494476	3.482487	10.913822
6319	6863.868793	53.550388	-13.509864	3.481585	11.095011
6321	6865.925717	53.523898	-13.506595	3.479825	10.368016
6323	6867.981851	53.325603	-13.526571	3.478760	10.788131
6325	6870.039881	53.245137	-13.517965	3.476051	10.365857
6327	6872.096363	53.129778	-13.514111	3.475496	10.812769
6329	6874.153776	53.076873	-13.519411	3.473856	10.794813
6331	6876.209486	53.046322	-13.523265	3.472188	10.225241
6333	6878.268143	52.922984	-13.532726	3.470438	10.159264
6335	6880.324260	52.892352	-13.528218	3.468748	10.830330
6337	6882.382306	52.868431	-13.544467	3.466172	10.356120
6339	6884.439716	52.574818	-13.524069	3.465339	10.766124
6341	6886.495785	52.701878	-13.563148	3.463712	10.370577
6343	6888.554563	52.439094	-13.527728	3.461696	10.650503
6345	6890.610662	52.455807	-13.559595	3.460576	10.724450
6347	6892.668456	52.509869	-13.566920	3.458301	10.379706
6349	6894.725455	52.340771	-13.602788	3.456526	10.258150
6351	6896.782850	52.130131	-13.553294	3.455466	10.626056
6353	6898.840365	52.045239	-13.605886	3.453611	10.465114
6355	6900.896366	51.945129	-13.597226	3.451256	10.141699
6357	6902.954386	52.085151	-13.595927	3.449414	10.304415
6359	6905.010628	52.152530	-13.595217	3.447864	10.511368
6361	6907.066699	51.590584	-13.611904	3.445383	9.936781
6363	6909.124765	51.727674	-13.575434	3.444869	10.233855
6365	6911.182594	51.788046	-13.621416	3.443124	10.252107
6367	6913.240141	51.472287	-13.625042	3.440944	9.875753
6369	6915.297732	51.450944	-13.602015	3.440596	9.973745
6371	6917.354472	51.375033	-13.617528	3.437808	10.312538
6373	6919.409620	51.350190	-13.640167	3.436049	9.607014
6375	6921.468993	51.321026	-13.625356	3.435323	10.191753
