crossing time (s)	slope (V/s)	crossing number
281474976710655.000000	49.814861	5153	0.000000
281474976710655.000000	40.252842	5154	0.000000
281474976710655.000000	39.475285	5155	0.000000
281474976710655.000000	55.933868	5156	0.000000
281474976710655.000000	55.219685	5157	0.000000
281474976710655.000000	40.595089	5158	0.000000
281474976710655.000000	48.880562	5159	0.000000
281474976710655.000000	46.930847	5160	0.000000
281474976710655.000000	50.546719	5161	0.000000
281474976710655.000000	37.788799	5162	0.000000
281474976710655.000000	52.554722	5163	0.000000
281474976710655.000000	48.241665	5164	0.000000
281474976710655.000000	54.582478	5165	0.000000
281474976710655.000000	47.484425	5166	0.000000
281474976710655.000000	49.383762	5167	0.000000
281474976710655.000000	40.862633	5168	0.000000
281474976710655.000000	40.850460	5169	0.000000
281474976710655.000000	52.881443	5170	0.000000
281474976710655.000000	35.163132	5171	0.000000
281474976710655.000000	46.513645	5172	0.000000
281474976710655.000000	53.910675	5173	0.000000
281474976710655.000000	53.199871	5174	0.000000
281474976710655.000000	54.207256	5175	0.000000
281474976710655.000000	37.864159	5176	0.000000
281474976710655.000000	49.295944	5177	0.000000
281474976710655.000000	54.055340	5178	0.000000
281474976710655.000000	37.233727	5179	0.000000
281474976710655.000000	64.158104	5180	0.000000
281474976710655.000000	65.564095	5181	0.000000
281474976710655.000000	47.890423	5182	0.000000
281474976710655.000000	46.278038	5183	0.000000
281474976710655.000000	47.602085	5184	0.000000
281474976710655.000000	39.962498	5185	0.000000
281474976710655.000000	48.011429	5186	0.000000
281474976710655.000000	36.923794	5187	0.000000
281474976710655.000000	39.113670	5188	0.000000
281474976710655.000000	44.830727	5189	0.000000
281474976710655.000000	46.791981	5190	0.000000
281474976710655.000000	39.722820	5191	0.000000
281474976710655.000000	38.692547	5192	0.000000
281474976710655.000000	45.991592	5193	0.000000
281474976710655.000000	47.573246	5194	0.000000
281474976710655.000000	36.094387	5195	0.000000
281474976710655.000000	63.465679	5196	0.000000
281474976710655.000000	46.910751	5197	0.000000
281474976710655.000000	44.514076	5198	0.000000
281474976710655.000000	48.959969	5199	0.000000
281474976710655.000000	46.167133	5200	0.000000
281474976710655.000000	44.954536	5201	0.000000
281474976710655.000000	50.971237	5202	0.000000
281474976710655.000000	48.799610	5203	0.000000
281474976710655.000000	46.617325	5204	0.000000
281474976710655.000000	34.470730	5205	0.000000
281474976710655.000000	43.819347	5206	0.000000
281474976710655.000000	51.411770	5207	0.000000
281474976710655.000000	38.582180	5208	0.000000
281474976710655.000000	45.924458	5209	0.000000
281474976710655.000000	37.041153	5210	0.000000
281474976710655.000000	43.606327	5211	0.000000
281474976710655.000000	47.051140	5212	0.000000
281474976710655.000000	51.395309	5213	0.000000
281474976710655.000000	45.401752	5214	0.000000
281474976710655.000000	45.436859	5215	0.000000
281474976710655.000000	40.475166	5216	0.000000
281474976710655.000000	46.188999	5217	0.000000
281474976710655.000000	45.067707	5218	0.000000
281474976710655.000000	42.536858	5219	0.000000
281474976710655.000000	39.452194	5220	0.000000
281474976710655.000000	45.537109	5221	0.000000
281474976710655.000000	44.704197	5222	0.000000
281474976710655.000000	51.041229	5223	0.000000
281474976710655.000000	46.472404	5224	0.000000
281474976710655.000000	38.740597	5225	0.000000
281474976710655.000000	50.048923	5226	0.000000
281474976710655.000000	37.243469	5227	0.000000
281474976710655.000000	38.757843	5228	0.000000
281474976710655.000000	59.847706	5229	0.000000
281474976710655.000000	47.176487	5230	0.000000
281474976710655.000000	60.801224	5231	0.000000
281474976710655.000000	45.780048	5232	0.000000
281474976710655.000000	43.778049	5233	0.000000
281474976710655.000000	45.334064	5234	0.000000
281474976710655.000000	39.543839	5235	0.000000
281474976710655.000000	38.195942	5236	0.000000
281474976710655.000000	44.986023	5237	0.000000
281474976710655.000000	39.167278	5238	0.000000
281474976710655.000000	38.283020	5239	0.000000
281474976710655.000000	46.231060	5240	0.000000
281474976710655.000000	45.374290	5241	0.000000
281474976710655.000000	36.619850	5242	0.000000
281474976710655.000000	33.901882	5243	0.000000
281474976710655.000000	38.483093	5244	0.000000
281474976710655.000000	43.886387	5245	0.000000
281474976710655.000000	43.288567	5246	0.000000
281474976710655.000000	61.546062	5247	0.000000
281474976710655.000000	40.879250	5248	0.000000
281474976710655.000000	45.354523	5249	0.000000
281474976710655.000000	44.089199	5250	0.000000
281474976710655.000000	54.041965	5251	0.000000
281474976710655.000000	43.696075	5252	0.000000
281474976710655.000000	44.420311	5253	0.000000
281474976710655.000000	43.594154	5254	0.000000
281474976710655.000000	44.287613	5255	0.000000
281474976710655.000000	43.479778	5256	0.000000
281474976710655.000000	38.923725	5257	0.000000
281474976710655.000000	52.619873	5258	0.000000
281474976710655.000000	41.134995	5259	0.000000
281474976710655.000000	47.684902	5260	0.000000
281474976710655.000000	36.427406	5261	0.000000
281474976710655.000000	42.861225	5262	0.000000
281474976710655.000000	42.201019	5263	0.000000
281474976710655.000000	36.659695	5264	0.000000
281474976710655.000000	37.533699	5265	0.000000
281474976710655.000000	48.340797	5266	0.000000
281474976710655.000000	43.075184	5267	0.000000
281474976710655.000000	42.004093	5268	0.000000
281474976710655.000000	35.244110	5269	0.000000
281474976710655.000000	43.888878	5270	0.000000
281474976710655.000000	41.811874	5271	0.000000
281474976710655.000000	52.298458	5272	0.000000
281474976710655.000000	44.691101	5273	0.000000
281474976710655.000000	42.844654	5274	0.000000
281474976710655.000000	43.711163	5275	0.000000
281474976710655.000000	34.297230	5276	0.000000
281474976710655.000000	48.060581	5277	0.000000
281474976710655.000000	44.760536	5278	0.000000
281474976710655.000000	47.131512	5279	0.000000
281474976710655.000000	34.518314	5280	0.000000
281474976710655.000000	39.898746	5281	0.000000
281474976710655.000000	33.138023	5282	0.000000
281474976710655.000000	56.326416	5283	0.000000
281474976710655.000000	33.515030	5284	0.000000
281474976710655.000000	43.568504	5285	0.000000
281474976710655.000000	42.250557	5286	0.000000
281474976710655.000000	42.478649	5287	0.000000
281474976710655.000000	34.618336	5288	0.000000
281474976710655.000000	35.065998	5289	0.000000
281474976710655.000000	40.507420	5290	0.000000
281474976710655.000000	44.328121	5291	0.000000
281474976710655.000000	36.457764	5292	0.000000
281474976710655.000000	38.493710	5293	0.000000
281474976710655.000000	40.048756	5294	0.000000
281474976710655.000000	41.035206	5295	0.000000
281474976710655.000000	42.696453	5296	0.000000
281474976710655.000000	39.936943	5297	0.000000
281474976710655.000000	43.406849	5298	0.000000
281474976710655.000000	42.365444	5299	0.000000
281474976710655.000000	40.459827	5300	0.000000
281474976710655.000000	46.827366	5301	0.000000
281474976710655.000000	42.744541	5302	0.000000
281474976710655.000000	38.449566	5303	0.000000
281474976710655.000000	42.996815	5304	0.000000
281474976710655.000000	41.301430	5305	0.000000
281474976710655.000000	35.158424	5306	0.000000
281474976710655.000000	41.087227	5307	0.000000
281474976710655.000000	40.653526	5308	0.000000
281474976710655.000000	45.316807	5309	0.000000
281474976710655.000000	43.710003	5310	0.000000
281474976710655.000000	41.850018	5311	0.000000
281474976710655.000000	35.238544	5312	0.000000
281474976710655.000000	35.592449	5313	0.000000
281474976710655.000000	41.291035	5314	0.000000
281474976710655.000000	44.287560	5315	0.000000
281474976710655.000000	33.529316	5316	0.000000
281474976710655.000000	43.825558	5317	0.000000
281474976710655.000000	35.973866	5318	0.000000
281474976710655.000000	40.372822	5319	0.000000
281474976710655.000000	40.068237	5320	0.000000
281474976710655.000000	40.103275	5321	0.000000
281474976710655.000000	37.210415	5322	0.000000
281474976710655.000000	44.547989	5323	0.000000
281474976710655.000000	46.949928	5324	0.000000
281474976710655.000000	33.910011	5325	0.000000
281474976710655.000000	40.205025	5326	0.000000
281474976710655.000000	39.477764	5327	0.000000
281474976710655.000000	37.808029	5328	0.000000
281474976710655.000000	31.519978	5329	0.000000
281474976710655.000000	35.464085	5330	0.000000
281474976710655.000000	38.439156	5331	0.000000
281474976710655.000000	44.147682	5332	0.000000
281474976710655.000000	33.463985	5333	0.000000
281474976710655.000000	33.211510	5334	0.000000
281474976710655.000000	43.312778	5335	0.000000
281474976710655.000000	34.923687	5336	0.000000
281474976710655.000000	32.870556	5337	0.000000
281474976710655.000000	37.207069	5338	0.000000
281474976710655.000000	49.251808	5339	0.000000
281474976710655.000000	49.646069	5340	0.000000
281474976710655.000000	39.598797	5341	0.000000
281474976710655.000000	43.130688	5342	0.000000
281474976710655.000000	49.601063	5343	0.000000
281474976710655.000000	39.374660	5344	0.000000
281474976710655.000000	36.762707	5345	0.000000
281474976710655.000000	40.457630	5346	0.000000
281474976710655.000000	36.449341	5347	0.000000
281474976710655.000000	34.446339	5348	0.000000
281474976710655.000000	38.742352	5349	0.000000
281474976710655.000000	48.972462	5350	0.000000
281474976710655.000000	32.839123	5351	0.000000
281474976710655.000000	36.454552	5352	0.000000
281474976710655.000000	41.088902	5353	0.000000
281474976710655.000000	42.646484	5354	0.000000
281474976710655.000000	42.975697	5355	0.000000
281474976710655.000000	32.790169	5356	0.000000
281474976710655.000000	34.332150	5357	0.000000
281474976710655.000000	38.458717	5358	0.000000
281474976710655.000000	38.529015	5359	0.000000
281474976710655.000000	36.484825	5360	0.000000
281474976710655.000000	30.587643	5361	0.000000
281474976710655.000000	36.500961	5362	0.000000
281474976710655.000000	36.055218	5363	0.000000
281474976710655.000000	37.443424	5364	0.000000
281474976710655.000000	36.329254	5365	0.000000
281474976710655.000000	36.807541	5366	0.000000
281474976710655.000000	37.265308	5367	0.000000
281474976710655.000000	39.154163	5368	0.000000
281474976710655.000000	37.165436	5369	0.000000
281474976710655.000000	32.300110	5370	0.000000
281474976710655.000000	41.974895	5371	0.000000
281474976710655.000000	31.856142	5372	0.000000
281474976710655.000000	31.441002	5373	0.000000
281474976710655.000000	33.283329	5374	0.000000
281474976710655.000000	33.168461	5375	0.000000
281474976710655.000000	36.133945	5376	0.000000
281474976710655.000000	32.862751	5377	0.000000
281474976710655.000000	38.710033	5378	0.000000
281474976710655.000000	35.760468	5379	0.000000
281474976710655.000000	34.954334	5380	0.000000
281474976710655.000000	41.170471	5381	0.000000
281474976710655.000000	38.010284	5382	0.000000
281474976710655.000000	44.506966	5383	0.000000
281474976710655.000000	38.987843	5384	0.000000
281474976710655.000000	37.542332	5385	0.000000
281474976710655.000000	34.720722	5386	0.000000
281474976710655.000000	45.856930	5387	0.000000
281474976710655.000000	45.247673	5388	0.000000
281474976710655.000000	37.111938	5389	0.000000
281474976710655.000000	41.208752	5390	0.000000
281474976710655.000000	38.874664	5391	0.000000
281474976710655.000000	37.427349	5392	0.000000
281474976710655.000000	42.582916	5393	0.000000
281474976710655.000000	36.546894	5394	0.000000
281474976710655.000000	32.187328	5395	0.000000
281474976710655.000000	38.358860	5396	0.000000
281474976710655.000000	40.393936	5397	0.000000
281474976710655.000000	32.659439	5398	0.000000
281474976710655.000000	37.671261	5399	0.000000
281474976710655.000000	35.926743	5400	0.000000
281474976710655.000000	37.000992	5401	0.000000
281474976710655.000000	36.548866	5402	0.000000
281474976710655.000000	36.467407	5403	0.000000
281474976710655.000000	32.478207	5404	0.000000
281474976710655.000000	30.722017	5405	0.000000
281474976710655.000000	31.716187	5406	0.000000
281474976710655.000000	33.503704	5407	0.000000
281474976710655.000000	31.392675	5408	0.000000
281474976710655.000000	32.200214	5409	0.000000
281474976710655.000000	33.777473	5410	0.000000
281474976710655.000000	33.986519	5411	0.000000
281474976710655.000000	36.488377	5412	0.000000
281474976710655.000000	36.196110	5413	0.000000
281474976710655.000000	31.263052	5414	0.000000
281474976710655.000000	35.453865	5415	0.000000
281474976710655.000000	37.630653	5416	0.000000
281474976710655.000000	32.658932	5417	0.000000
281474976710655.000000	35.587654	5418	0.000000
281474976710655.000000	32.203049	5419	0.000000
281474976710655.000000	34.972080	5420	0.000000
281474976710655.000000	33.061157	5421	0.000000
281474976710655.000000	34.415936	5422	0.000000
281474976710655.000000	35.903122	5423	0.000000
281474976710655.000000	38.570671	5424	0.000000
281474976710655.000000	31.209801	5425	0.000000
281474976710655.000000	42.022247	5426	0.000000
281474976710655.000000	31.661898	5427	0.000000
281474976710655.000000	30.399517	5428	0.000000
281474976710655.000000	40.819286	5429	0.000000
281474976710655.000000	37.912056	5430	0.000000
281474976710655.000000	31.091822	5431	0.000000
281474976710655.000000	40.057564	5432	0.000000
281474976710655.000000	35.196957	5433	0.000000
281474976710655.000000	34.860428	5434	0.000000
281474976710655.000000	36.458546	5435	0.000000
281474976710655.000000	38.574303	5436	0.000000
281474976710655.000000	34.617001	5437	0.000000
281474976710655.000000	33.716473	5438	0.000000
281474976710655.000000	33.568130	5439	0.000000
281474976710655.000000	33.202354	5440	0.000000
281474976710655.000000	31.595547	5441	0.000000
281474976710655.000000	34.246437	5442	0.000000
281474976710655.000000	35.352619	5443	0.000000
281474976710655.000000	37.032963	5444	0.000000
281474976710655.000000	34.457649	5445	0.000000
281474976710655.000000	32.869698	5446	0.000000
281474976710655.000000	31.164677	5447	0.000000
281474976710655.000000	30.822496	5448	0.000000
281474976710655.000000	34.998676	5449	0.000000
281474976710655.000000	35.510551	5450	0.000000
281474976710655.000000	30.328920	5451	0.000000
281474976710655.000000	33.967262	5452	0.000000
281474976710655.000000	33.970173	5453	0.000000
281474976710655.000000	32.383640	5454	0.000000
281474976710655.000000	36.042461	5455	0.000000
281474976710655.000000	29.387821	5456	0.000000
281474976710655.000000	32.568417	5457	0.000000
281474976710655.000000	43.473984	5458	0.000000
281474976710655.000000	31.190685	5459	0.000000
281474976710655.000000	29.805777	5460	0.000000
281474976710655.000000	32.143204	5461	0.000000
281474976710655.000000	38.185623	5462	0.000000
281474976710655.000000	37.843163	5463	0.000000
281474976710655.000000	30.384912	5464	0.000000
281474976710655.000000	34.038719	5465	0.000000
281474976710655.000000	29.696163	5466	0.000000
281474976710655.000000	40.836079	5467	0.000000
281474976710655.000000	32.104443	5468	0.000000
281474976710655.000000	31.845264	5469	0.000000
281474976710655.000000	31.334522	5470	0.000000
281474976710655.000000	33.610004	5471	0.000000
281474976710655.000000	34.345840	5472	0.000000
281474976710655.000000	29.935238	5473	0.000000
281474976710655.000000	29.277908	5474	0.000000
281474976710655.000000	32.272633	5475	0.000000
281474976710655.000000	34.066681	5476	0.000000
281474976710655.000000	33.851681	5477	0.000000
281474976710655.000000	32.834202	5478	0.000000
281474976710655.000000	31.198112	5479	0.000000
281474976710655.000000	30.586708	5480	0.000000
281474976710655.000000	31.096073	5481	0.000000
281474976710655.000000	30.041441	5482	0.000000
281474976710655.000000	34.700279	5483	0.000000
281474976710655.000000	34.341206	5484	0.000000
281474976710655.000000	32.686329	5485	0.000000
281474976710655.000000	32.885036	5486	0.000000
281474976710655.000000	34.186592	5487	0.000000
281474976710655.000000	32.927227	5488	0.000000
281474976710655.000000	33.600922	5489	0.000000
281474976710655.000000	30.570530	5490	0.000000
281474976710655.000000	30.530144	5491	0.000000
281474976710655.000000	34.933052	5492	0.000000
281474976710655.000000	39.028069	5493	0.000000
281474976710655.000000	30.383188	5494	0.000000
281474976710655.000000	32.896793	5495	0.000000
281474976710655.000000	32.821251	5496	0.000000
281474976710655.000000	32.010643	5497	0.000000
281474976710655.000000	38.070217	5498	0.000000
281474976710655.000000	32.230831	5499	0.000000
281474976710655.000000	30.683344	5500	0.000000
281474976710655.000000	28.600199	5501	0.000000
281474976710655.000000	32.220654	5502	0.000000
281474976710655.000000	31.928551	5503	0.000000
281474976710655.000000	30.925499	5504	0.000000
281474976710655.000000	37.102581	5505	0.000000
281474976710655.000000	28.779016	5506	0.000000
281474976710655.000000	31.983240	5507	0.000000
281474976710655.000000	33.536842	5508	0.000000
281474976710655.000000	32.452850	5509	0.000000
281474976710655.000000	29.434776	5510	0.000000
281474976710655.000000	29.710350	5511	0.000000
281474976710655.000000	30.431696	5512	0.000000
281474976710655.000000	35.254597	5513	0.000000
281474976710655.000000	31.556398	5514	0.000000
281474976710655.000000	35.907810	5515	0.000000
281474976710655.000000	32.991344	5516	0.000000
281474976710655.000000	32.094257	5517	0.000000
281474976710655.000000	29.656324	5518	0.000000
281474976710655.000000	29.805191	5519	0.000000
281474976710655.000000	32.463329	5520	0.000000
281474976710655.000000	31.202063	5521	0.000000
281474976710655.000000	31.028038	5522	0.000000
281474976710655.000000	31.836088	5523	0.000000
281474976710655.000000	32.821514	5524	0.000000
281474976710655.000000	30.839636	5525	0.000000
281474976710655.000000	29.062075	5526	0.000000
281474976710655.000000	29.376968	5527	0.000000
281474976710655.000000	31.541164	5528	0.000000
281474976710655.000000	28.148109	5529	0.000000
281474976710655.000000	32.796535	5530	0.000000
281474976710655.000000	31.640635	5531	0.000000
281474976710655.000000	29.966820	5532	0.000000
281474976710655.000000	29.066114	5533	0.000000
281474976710655.000000	29.323618	5534	0.000000
281474976710655.000000	29.315708	5535	0.000000
281474976710655.000000	28.404274	5536	0.000000
281474976710655.000000	29.854437	5537	0.000000
281474976710655.000000	31.989889	5538	0.000000
281474976710655.000000	33.032223	5539	0.000000
281474976710655.000000	31.674126	5540	0.000000
281474976710655.000000	31.496580	5541	0.000000
281474976710655.000000	30.808250	5542	0.000000
281474976710655.000000	28.293530	5543	0.000000
281474976710655.000000	25.919773	5544	0.000000
281474976710655.000000	32.092773	5545	0.000000
281474976710655.000000	32.133846	5546	0.000000
281474976710655.000000	30.878428	5547	0.000000
281474976710655.000000	32.240250	5548	0.000000
281474976710655.000000	28.518850	5549	0.000000
281474976710655.000000	28.625359	5550	0.000000
281474976710655.000000	31.810911	5551	0.000000
281474976710655.000000	27.950003	5552	0.000000
281474976710655.000000	33.921715	5553	0.000000
281474976710655.000000	28.517111	5554	0.000000
281474976710655.000000	31.537163	5555	0.000000
281474976710655.000000	28.504595	5556	0.000000
281474976710655.000000	29.647650	5557	0.000000
281474976710655.000000	29.986755	5558	0.000000
281474976710655.000000	27.847757	5559	0.000000
281474976710655.000000	30.391132	5560	0.000000
281474976710655.000000	31.727243	5561	0.000000
281474976710655.000000	31.384260	5562	0.000000
281474976710655.000000	28.244551	5563	0.000000
281474976710655.000000	29.996655	5564	0.000000
281474976710655.000000	31.481459	5565	0.000000
281474976710655.000000	30.265890	5566	0.000000
281474976710655.000000	30.805046	5567	0.000000
281474976710655.000000	28.284367	5568	0.000000
281474976710655.000000	27.708992	5569	0.000000
281474976710655.000000	27.796442	5570	0.000000
281474976710655.000000	28.179981	5571	0.000000
281474976710655.000000	32.859566	5572	0.000000
281474976710655.000000	30.556370	5573	0.000000
281474976710655.000000	28.664480	5574	0.000000
281474976710655.000000	27.472054	5575	0.000000
281474976710655.000000	32.232262	5576	0.000000
281474976710655.000000	29.321608	5577	0.000000
281474976710655.000000	33.911732	5578	0.000000
281474976710655.000000	30.014927	5579	0.000000
281474976710655.000000	30.766146	5580	0.000000
281474976710655.000000	30.563141	5581	0.000000
281474976710655.000000	29.087473	5582	0.000000
281474976710655.000000	29.856527	5583	0.000000
281474976710655.000000	28.321203	5584	0.000000
281474976710655.000000	27.250965	5585	0.000000
281474976710655.000000	26.278662	5586	0.000000
281474976710655.000000	27.482330	5587	0.000000
281474976710655.000000	28.056303	5588	0.000000
281474976710655.000000	28.537224	5589	0.000000
281474976710655.000000	28.172758	5590	0.000000
281474976710655.000000	29.391449	5591	0.000000
281474976710655.000000	28.088331	5592	0.000000
281474976710655.000000	31.100376	5593	0.000000
281474976710655.000000	27.216034	5594	0.000000
281474976710655.000000	28.624407	5595	0.000000
281474976710655.000000	29.160982	5596	0.000000
281474976710655.000000	28.551245	5597	0.000000
281474976710655.000000	29.061842	5598	0.000000
281474976710655.000000	30.599033	5599	0.000000
281474976710655.000000	29.853399	5600	0.000000
281474976710655.000000	29.116709	5601	0.000000
281474976710655.000000	29.976131	5602	0.000000
281474976710655.000000	33.465134	5603	0.000000
281474976710655.000000	28.257648	5604	0.000000
281474976710655.000000	26.752483	5605	0.000000
281474976710655.000000	30.602980	5606	0.000000
281474976710655.000000	27.211954	5607	0.000000
281474976710655.000000	29.969358	5608	0.000000
281474976710655.000000	25.922977	5609	0.000000
281474976710655.000000	30.065817	5610	0.000000
281474976710655.000000	29.517670	5611	0.000000
281474976710655.000000	26.748680	5612	0.000000
281474976710655.000000	28.659872	5613	0.000000
281474976710655.000000	28.613527	5614	0.000000
281474976710655.000000	28.406345	5615	0.000000
281474976710655.000000	28.502359	5616	0.000000
281474976710655.000000	27.748285	5617	0.000000
281474976710655.000000	29.538675	5618	0.000000
281474976710655.000000	27.668575	5619	0.000000
281474976710655.000000	28.166700	5620	0.000000
281474976710655.000000	28.311213	5621	0.000000
281474976710655.000000	28.143997	5622	0.000000
281474976710655.000000	26.925175	5623	0.000000
281474976710655.000000	27.781565	5624	0.000000
281474976710655.000000	26.219997	5625	0.000000
281474976710655.000000	29.281151	5626	0.000000
281474976710655.000000	29.070030	5627	0.000000
281474976710655.000000	27.569311	5628	0.000000
281474976710655.000000	28.261389	5629	0.000000
281474976710655.000000	27.695477	5630	0.000000
281474976710655.000000	27.211597	5631	0.000000
281474976710655.000000	29.508320	5632	0.000000
281474976710655.000000	29.937841	5633	0.000000
281474976710655.000000	27.317007	5634	0.000000
281474976710655.000000	26.445078	5635	0.000000
281474976710655.000000	29.348097	5636	0.000000
281474976710655.000000	27.305796	5637	0.000000
281474976710655.000000	27.448832	5638	0.000000
281474976710655.000000	25.877443	5639	0.000000
281474976710655.000000	28.801575	5640	0.000000
281474976710655.000000	25.540312	5641	0.000000
281474976710655.000000	27.543375	5642	0.000000
281474976710655.000000	28.673059	5643	0.000000
281474976710655.000000	27.749262	5644	0.000000
281474976710655.000000	26.006496	5645	0.000000
281474976710655.000000	27.176313	5646	0.000000
281474976710655.000000	27.102655	5647	0.000000
281474976710655.000000	27.311058	5648	0.000000
281474976710655.000000	28.696440	5649	0.000000
281474976710655.000000	30.303213	5650	0.000000
281474976710655.000000	26.032679	5651	0.000000
281474976710655.000000	25.301434	5652	0.000000
281474976710655.000000	27.656235	5653	0.000000
281474976710655.000000	25.097029	5654	0.000000
281474976710655.000000	26.382660	5655	0.000000
281474976710655.000000	26.382500	5656	0.000000
281474976710655.000000	28.029274	5657	0.000000
281474976710655.000000	26.089914	5658	0.000000
281474976710655.000000	25.144938	5659	0.000000
281474976710655.000000	25.110693	5660	0.000000
281474976710655.000000	25.397005	5661	0.000000
281474976710655.000000	24.815920	5662	0.000000
281474976710655.000000	26.637157	5663	0.000000
281474976710655.000000	26.180586	5664	0.000000
281474976710655.000000	24.885277	5665	0.000000
281474976710655.000000	24.947691	5666	0.000000
281474976710655.000000	27.623938	5667	0.000000
281474976710655.000000	26.416227	5668	0.000000
281474976710655.000000	24.129683	5669	0.000000
281474976710655.000000	25.001055	5670	0.000000
281474976710655.000000	27.193911	5671	0.000000
281474976710655.000000	28.186306	5672	0.000000
281474976710655.000000	25.211136	5673	0.000000
281474976710655.000000	25.610130	5674	0.000000
281474976710655.000000	26.991671	5675	0.000000
281474976710655.000000	26.934963	5676	0.000000
281474976710655.000000	25.028408	5677	0.000000
281474976710655.000000	25.443184	5678	0.000000
281474976710655.000000	27.017302	5679	0.000000
281474976710655.000000	25.971672	5680	0.000000
281474976710655.000000	26.336515	5681	0.000000
281474976710655.000000	26.798584	5682	0.000000
281474976710655.000000	24.971165	5683	0.000000
281474976710655.000000	26.405094	5684	0.000000
281474976710655.000000	24.922680	5685	0.000000
281474976710655.000000	26.125721	5686	0.000000
281474976710655.000000	29.271494	5687	0.000000
281474976710655.000000	23.787209	5688	0.000000
281474976710655.000000	26.691662	5689	0.000000
281474976710655.000000	24.963316	5690	0.000000
281474976710655.000000	26.155464	5691	0.000000
281474976710655.000000	26.324245	5692	0.000000
281474976710655.000000	24.891188	5693	0.000000
281474976710655.000000	26.255156	5694	0.000000
281474976710655.000000	25.933943	5695	0.000000
281474976710655.000000	24.668268	5696	0.000000
281474976710655.000000	24.941338	5697	0.000000
281474976710655.000000	26.446484	5698	0.000000
281474976710655.000000	24.861225	5699	0.000000
281474976710655.000000	24.135353	5700	0.000000
281474976710655.000000	27.303961	5701	0.000000
281474976710655.000000	25.195408	5702	0.000000
281474976710655.000000	25.908915	5703	0.000000
281474976710655.000000	25.798077	5704	0.000000
281474976710655.000000	25.203346	5705	0.000000
281474976710655.000000	23.454325	5706	0.000000
281474976710655.000000	26.258465	5707	0.000000
281474976710655.000000	23.974655	5708	0.000000
281474976710655.000000	24.175831	5709	0.000000
281474976710655.000000	26.350199	5710	0.000000
281474976710655.000000	26.895710	5711	0.000000
281474976710655.000000	23.492287	5712	0.000000
281474976710655.000000	23.782026	5713	0.000000
281474976710655.000000	25.049919	5714	0.000000
281474976710655.000000	25.340338	5715	0.000000
281474976710655.000000	26.038990	5716	0.000000
281474976710655.000000	24.521273	5717	0.000000
281474976710655.000000	26.871040	5718	0.000000
281474976710655.000000	26.895065	5719	0.000000
281474976710655.000000	23.410288	5720	0.000000
281474976710655.000000	26.420563	5721	0.000000
281474976710655.000000	23.949999	5722	0.000000
281474976710655.000000	24.923967	5723	0.000000
281474976710655.000000	24.783289	5724	0.000000
281474976710655.000000	26.307570	5725	0.000000
281474976710655.000000	24.934031	5726	0.000000
281474976710655.000000	26.011532	5727	0.000000
281474976710655.000000	24.070850	5728	0.000000
281474976710655.000000	25.564026	5729	0.000000
281474976710655.000000	24.816099	5730	0.000000
281474976710655.000000	24.126966	5731	0.000000
281474976710655.000000	25.464710	5732	0.000000
281474976710655.000000	26.184286	5733	0.000000
281474976710655.000000	24.537596	5734	0.000000
281474976710655.000000	23.838730	5735	0.000000
281474976710655.000000	22.954506	5736	0.000000
281474976710655.000000	25.896605	5737	0.000000
281474976710655.000000	25.099470	5738	0.000000
281474976710655.000000	25.283892	5739	0.000000
281474976710655.000000	24.911879	5740	0.000000
281474976710655.000000	24.497143	5741	0.000000
281474976710655.000000	26.476851	5742	0.000000
281474976710655.000000	25.307304	5743	0.000000
281474976710655.000000	25.716946	5744	0.000000
281474976710655.000000	24.408489	5745	0.000000
281474976710655.000000	24.936214	5746	0.000000
281474976710655.000000	22.846449	5747	0.000000
281474976710655.000000	24.398838	5748	0.000000
281474976710655.000000	24.205767	5749	0.000000
281474976710655.000000	24.453545	5750	0.000000
281474976710655.000000	23.634750	5751	0.000000
281474976710655.000000	22.443953	5752	0.000000
281474976710655.000000	24.510357	5753	0.000000
281474976710655.000000	24.541634	5754	0.000000
281474976710655.000000	25.289989	5755	0.000000
281474976710655.000000	25.851709	5756	0.000000
281474976710655.000000	23.914722	5757	0.000000
281474976710655.000000	22.404667	5758	0.000000
281474976710655.000000	25.394152	5759	0.000000
281474976710655.000000	23.587208	5760	0.000000
281474976710655.000000	24.776299	5761	0.000000
281474976710655.000000	25.101961	5762	0.000000
281474976710655.000000	23.288084	5763	0.000000
281474976710655.000000	23.676397	5764	0.000000
281474976710655.000000	23.524647	5765	0.000000
281474976710655.000000	22.756990	5766	0.000000
281474976710655.000000	26.007048	5767	0.000000
281474976710655.000000	21.779127	5768	0.000000
281474976710655.000000	24.162354	5769	0.000000
281474976710655.000000	25.028107	5770	0.000000
281474976710655.000000	21.328218	5771	0.000000
281474976710655.000000	24.252148	5772	0.000000
281474976710655.000000	23.696459	5773	0.000000
281474976710655.000000	23.817257	5774	0.000000
281474976710655.000000	20.755861	5775	0.000000
281474976710655.000000	24.626060	5776	0.000000
281474976710655.000000	23.322502	5777	0.000000
281474976710655.000000	24.352465	5778	0.000000
281474976710655.000000	24.010666	5779	0.000000
281474976710655.000000	22.416798	5780	0.000000
281474976710655.000000	24.253950	5781	0.000000
281474976710655.000000	23.354647	5782	0.000000
281474976710655.000000	24.783543	5783	0.000000
281474976710655.000000	21.698679	5784	0.000000
281474976710655.000000	24.524139	5785	0.000000
281474976710655.000000	22.329533	5786	0.000000
281474976710655.000000	23.131781	5787	0.000000
281474976710655.000000	22.173155	5788	0.000000
281474976710655.000000	22.821970	5789	0.000000
281474976710655.000000	22.651253	5790	0.000000
281474976710655.000000	22.664171	5791	0.000000
281474976710655.000000	22.869858	5792	0.000000
281474976710655.000000	24.090992	5793	0.000000
281474976710655.000000	21.591208	5794	0.000000
281474976710655.000000	25.375422	5795	0.000000
281474976710655.000000	22.941902	5796	0.000000
281474976710655.000000	23.502764	5797	0.000000
281474976710655.000000	21.599577	5798	0.000000
281474976710655.000000	22.426300	5799	0.000000
281474976710655.000000	22.473333	5800	0.000000
281474976710655.000000	23.637102	5801	0.000000
281474976710655.000000	21.734118	5802	0.000000
281474976710655.000000	22.993868	5803	0.000000
281474976710655.000000	22.270710	5804	0.000000
281474976710655.000000	23.746616	5805	0.000000
281474976710655.000000	22.976656	5806	0.000000
281474976710655.000000	22.040648	5807	0.000000
281474976710655.000000	24.004890	5808	0.000000
281474976710655.000000	20.863945	5809	0.000000
281474976710655.000000	21.710068	5810	0.000000
281474976710655.000000	23.246468	5811	0.000000
281474976710655.000000	24.153456	5812	0.000000
281474976710655.000000	22.494453	5813	0.000000
281474976710655.000000	22.613741	5814	0.000000
281474976710655.000000	21.983465	5815	0.000000
281474976710655.000000	22.334406	5816	0.000000
281474976710655.000000	23.994387	5817	0.000000
281474976710655.000000	21.033733	5818	0.000000
281474976710655.000000	22.862890	5819	0.000000
281474976710655.000000	22.360188	5820	0.000000
281474976710655.000000	23.277308	5821	0.000000
281474976710655.000000	23.512699	5822	0.000000
281474976710655.000000	21.375883	5823	0.000000
281474976710655.000000	23.291418	5824	0.000000
281474976710655.000000	23.059343	5825	0.000000
281474976710655.000000	21.533367	5826	0.000000
281474976710655.000000	22.167604	5827	0.000000
281474976710655.000000	22.046473	5828	0.000000
281474976710655.000000	21.320511	5829	0.000000
281474976710655.000000	21.107336	5830	0.000000
281474976710655.000000	20.516367	5831	0.000000
281474976710655.000000	21.951414	5832	0.000000
281474976710655.000000	21.097082	5833	0.000000
281474976710655.000000	22.441044	5834	0.000000
281474976710655.000000	22.554306	5835	0.000000
281474976710655.000000	21.114531	5836	0.000000
281474976710655.000000	23.119001	5837	0.000000
281474976710655.000000	23.255920	5838	0.000000
281474976710655.000000	20.047121	5839	0.000000
281474976710655.000000	22.408834	5840	0.000000
281474976710655.000000	21.261761	5841	0.000000
281474976710655.000000	22.174963	5842	0.000000
281474976710655.000000	21.344189	5843	0.000000
281474976710655.000000	21.162289	5844	0.000000
281474976710655.000000	22.734528	5845	0.000000
281474976710655.000000	20.442125	5846	0.000000
281474976710655.000000	22.683882	5847	0.000000
281474976710655.000000	21.511057	5848	0.000000
281474976710655.000000	21.075790	5849	0.000000
281474976710655.000000	22.135242	5850	0.000000
281474976710655.000000	21.627443	5851	0.000000
281474976710655.000000	21.127941	5852	0.000000
281474976710655.000000	21.773283	5853	0.000000
281474976710655.000000	21.178246	5854	0.000000
281474976710655.000000	21.482576	5855	0.000000
281474976710655.000000	21.113047	5856	0.000000
281474976710655.000000	22.225662	5857	0.000000
281474976710655.000000	21.453793	5858	0.000000
281474976710655.000000	19.931492	5859	0.000000
281474976710655.000000	20.688938	5860	0.000000
281474976710655.000000	21.252541	5861	0.000000
281474976710655.000000	21.242392	5862	0.000000
281474976710655.000000	21.350014	5863	0.000000
281474976710655.000000	20.667269	5864	0.000000
281474976710655.000000	21.205797	5865	0.000000
281474976710655.000000	20.985390	5866	0.000000
281474976710655.000000	19.451094	5867	0.000000
281474976710655.000000	20.875797	5868	0.000000
281474976710655.000000	21.937767	5869	0.000000
281474976710655.000000	20.958931	5870	0.000000
281474976710655.000000	20.444849	5871	0.000000
281474976710655.000000	19.651224	5872	0.000000
281474976710655.000000	21.845987	5873	0.000000
281474976710655.000000	21.226059	5874	0.000000
281474976710655.000000	20.919456	5875	0.000000
281474976710655.000000	20.264013	5876	0.000000
281474976710655.000000	19.884136	5877	0.000000
281474976710655.000000	20.644812	5878	0.000000
281474976710655.000000	20.369942	5879	0.000000
281474976710655.000000	20.709993	5880	0.000000
281474976710655.000000	23.040619	5881	0.000000
281474976710655.000000	19.555578	5882	0.000000
281474976710655.000000	21.276766	5883	0.000000
281474976710655.000000	20.052710	5884	0.000000
281474976710655.000000	19.985964	5885	0.000000
281474976710655.000000	20.537479	5886	0.000000
281474976710655.000000	20.564819	5887	0.000000
281474976710655.000000	19.703283	5888	0.000000
281474976710655.000000	19.206615	5889	0.000000
281474976710655.000000	20.859318	5890	0.000000
281474976710655.000000	20.635643	5891	0.000000
281474976710655.000000	19.733032	5892	0.000000
281474976710655.000000	20.768095	5893	0.000000
281474976710655.000000	19.674484	5894	0.000000
281474976710655.000000	20.111349	5895	0.000000
281474976710655.000000	19.970612	5896	0.000000
281474976710655.000000	19.036983	5897	0.000000
281474976710655.000000	20.352512	5898	0.000000
281474976710655.000000	21.438610	5899	0.000000
281474976710655.000000	19.847586	5900	0.000000
281474976710655.000000	19.979456	5901	0.000000
281474976710655.000000	20.297348	5902	0.000000
281474976710655.000000	20.365812	5903	0.000000
281474976710655.000000	20.124620	5904	0.000000
281474976710655.000000	20.040665	5905	0.000000
281474976710655.000000	20.825592	5906	0.000000
281474976710655.000000	20.119150	5907	0.000000
281474976710655.000000	19.518900	5908	0.000000
281474976710655.000000	19.425528	5909	0.000000
281474976710655.000000	19.606197	5910	0.000000
281474976710655.000000	19.555307	5911	0.000000
281474976710655.000000	19.711628	5912	0.000000
281474976710655.000000	21.452480	5913	0.000000
281474976710655.000000	18.718025	5914	0.000000
281474976710655.000000	19.224813	5915	0.000000
281474976710655.000000	18.992573	5916	0.000000
281474976710655.000000	20.049171	5917	0.000000
281474976710655.000000	19.347546	5918	0.000000
281474976710655.000000	18.562738	5919	0.000000
281474976710655.000000	19.809347	5920	0.000000
281474976710655.000000	18.779757	5921	0.000000
281474976710655.000000	19.414585	5922	0.000000
281474976710655.000000	19.943876	5923	0.000000
281474976710655.000000	19.191223	5924	0.000000
281474976710655.000000	20.502043	5925	0.000000
281474976710655.000000	19.293953	5926	0.000000
281474976710655.000000	18.974079	5927	0.000000
281474976710655.000000	18.967775	5928	0.000000
281474976710655.000000	19.558903	5929	0.000000
281474976710655.000000	18.997419	5930	0.000000
281474976710655.000000	18.626577	5931	0.000000
281474976710655.000000	18.944351	5932	0.000000
281474976710655.000000	18.687189	5933	0.000000
281474976710655.000000	18.643774	5934	0.000000
281474976710655.000000	20.077740	5935	0.000000
281474976710655.000000	18.454309	5936	0.000000
281474976710655.000000	19.121914	5937	0.000000
281474976710655.000000	18.385036	5938	0.000000
281474976710655.000000	19.169788	5939	0.000000
281474976710655.000000	18.974951	5940	0.000000
281474976710655.000000	18.618784	5941	0.000000
281474976710655.000000	19.145079	5942	0.000000
281474976710655.000000	19.440805	5943	0.000000
281474976710655.000000	18.829399	5944	0.000000
281474976710655.000000	19.030521	5945	0.000000
281474976710655.000000	18.641958	5946	0.000000
281474976710655.000000	19.803347	5947	0.000000
281474976710655.000000	18.047380	5948	0.000000
281474976710655.000000	18.514084	5949	0.000000
281474976710655.000000	18.340858	5950	0.000000
281474976710655.000000	19.094971	5951	0.000000
281474976710655.000000	18.605999	5952	0.000000
281474976710655.000000	18.945480	5953	0.000000
281474976710655.000000	18.366446	5954	0.000000
281474976710655.000000	18.570915	5955	0.000000
281474976710655.000000	18.604973	5956	0.000000
281474976710655.000000	18.994162	5957	0.000000
281474976710655.000000	17.753891	5958	0.000000
281474976710655.000000	18.753603	5959	0.000000
281474976710655.000000	18.484156	5960	0.000000
281474976710655.000000	18.480570	5961	0.000000
281474976710655.000000	18.466621	5962	0.000000
281474976710655.000000	18.847422	5963	0.000000
281474976710655.000000	18.044350	5964	0.000000
281474976710655.000000	18.443556	5965	0.000000
281474976710655.000000	18.828501	5966	0.000000
281474976710655.000000	19.195797	5967	0.000000
281474976710655.000000	18.363060	5968	0.000000
281474976710655.000000	18.455376	5969	0.000000
281474976710655.000000	17.576036	5970	0.000000
281474976710655.000000	18.467733	5971	0.000000
281474976710655.000000	18.581148	5972	0.000000
281474976710655.000000	17.906929	5973	0.000000
281474976710655.000000	17.467030	5974	0.000000
281474976710655.000000	17.625822	5975	0.000000
281474976710655.000000	17.902081	5976	0.000000
281474976710655.000000	17.892000	5977	0.000000
281474976710655.000000	17.616611	5978	0.000000
281474976710655.000000	17.744915	5979	0.000000
281474976710655.000000	18.262222	5980	0.000000
281474976710655.000000	19.168371	5981	0.000000
281474976710655.000000	18.332390	5982	0.000000
281474976710655.000000	16.958055	5983	0.000000
281474976710655.000000	17.751219	5984	0.000000
281474976710655.000000	17.521841	5985	0.000000
281474976710655.000000	17.241882	5986	0.000000
281474976710655.000000	17.581497	5987	0.000000
281474976710655.000000	17.176867	5988	0.000000
281474976710655.000000	17.536535	5989	0.000000
281474976710655.000000	17.453585	5990	0.000000
281474976710655.000000	17.850792	5991	0.000000
281474976710655.000000	17.935410	5992	0.000000
281474976710655.000000	17.683657	5993	0.000000
281474976710655.000000	17.431778	5994	0.000000
281474976710655.000000	17.654057	5995	0.000000
281474976710655.000000	17.511854	5996	0.000000
281474976710655.000000	17.989761	5997	0.000000
281474976710655.000000	17.575197	5998	0.000000
281474976710655.000000	16.677671	5999	0.000000
281474976710655.000000	17.192373	6000	0.000000
281474976710655.000000	17.951963	6001	0.000000
281474976710655.000000	17.639133	6002	0.000000
281474976710655.000000	16.682781	6003	0.000000
281474976710655.000000	17.040400	6004	0.000000
281474976710655.000000	18.230219	6005	0.000000
281474976710655.000000	17.462719	6006	0.000000
281474976710655.000000	16.420652	6007	0.000000
281474976710655.000000	17.852926	6008	0.000000
281474976710655.000000	17.374660	6009	0.000000
281474976710655.000000	17.491770	6010	0.000000
281474976710655.000000	16.865290	6011	0.000000
281474976710655.000000	17.093082	6012	0.000000
281474976710655.000000	17.971287	6013	0.000000
281474976710655.000000	17.068516	6014	0.000000
281474976710655.000000	16.459259	6015	0.000000
281474976710655.000000	17.177389	6016	0.000000
281474976710655.000000	17.029917	6017	0.000000
281474976710655.000000	16.592838	6018	0.000000
281474976710655.000000	16.841433	6019	0.000000
281474976710655.000000	16.711578	6020	0.000000
281474976710655.000000	17.206970	6021	0.000000
281474976710655.000000	16.956755	6022	0.000000
281474976710655.000000	17.189396	6023	0.000000
281474976710655.000000	16.765430	6024	0.000000
281474976710655.000000	16.414698	6025	0.000000
281474976710655.000000	16.583010	6026	0.000000
281474976710655.000000	17.100269	6027	0.000000
281474976710655.000000	16.292696	6028	0.000000
281474976710655.000000	16.738138	6029	0.000000
281474976710655.000000	16.980072	6030	0.000000
281474976710655.000000	17.072315	6031	0.000000
281474976710655.000000	16.445902	6032	0.000000
281474976710655.000000	16.677916	6033	0.000000
281474976710655.000000	16.241169	6034	0.000000
281474976710655.000000	16.938108	6035	0.000000
281474976710655.000000	16.433107	6036	0.000000
281474976710655.000000	16.686634	6037	0.000000
281474976710655.000000	16.640604	6038	0.000000
281474976710655.000000	16.851006	6039	0.000000
281474976710655.000000	16.346687	6040	0.000000
281474976710655.000000	16.344683	6041	0.000000
281474976710655.000000	16.185301	6042	0.000000
281474976710655.000000	16.730648	6043	0.000000
281474976710655.000000	16.562387	6044	0.000000
281474976710655.000000	16.221355	6045	0.000000
281474976710655.000000	16.478621	6046	0.000000
281474976710655.000000	16.697720	6047	0.000000
281474976710655.000000	16.455645	6048	0.000000
281474976710655.000000	16.007318	6049	0.000000
281474976710655.000000	16.004084	6050	0.000000
281474976710655.000000	15.687433	6051	0.000000
281474976710655.000000	16.476238	6052	0.000000
281474976710655.000000	16.452368	6053	0.000000
281474976710655.000000	16.477184	6054	0.000000
281474976710655.000000	16.054037	6055	0.000000
281474976710655.000000	16.111261	6056	0.000000
281474976710655.000000	15.915771	6057	0.000000
281474976710655.000000	15.825261	6058	0.000000
281474976710655.000000	15.766859	6059	0.000000
281474976710655.000000	15.583359	6060	0.000000
281474976710655.000000	16.070425	6061	0.000000
281474976710655.000000	16.343182	6062	0.000000
281474976710655.000000	15.897360	6063	0.000000
281474976710655.000000	15.739139	6064	0.000000
281474976710655.000000	15.985946	6065	0.000000
281474976710655.000000	16.161539	6066	0.000000
281474976710655.000000	15.867797	6067	0.000000
281474976710655.000000	15.779938	6068	0.000000
281474976710655.000000	15.673246	6069	0.000000
281474976710655.000000	15.657415	6070	0.000000
281474976710655.000000	16.116682	6071	0.000000
281474976710655.000000	15.957535	6072	0.000000
281474976710655.000000	15.220680	6073	0.000000
281474976710655.000000	15.212154	6074	0.000000
281474976710655.000000	15.666683	6075	0.000000
281474976710655.000000	15.946553	6076	0.000000
281474976710655.000000	15.604778	6077	0.000000
281474976710655.000000	15.786126	6078	0.000000
281474976710655.000000	15.977722	6079	0.000000
281474976710655.000000	15.699573	6080	0.000000
281474976710655.000000	16.016834	6081	0.000000
281474976710655.000000	15.930536	6082	0.000000
281474976710655.000000	15.595988	6083	0.000000
281474976710655.000000	15.372163	6084	0.000000
281474976710655.000000	15.622106	6085	0.000000
281474976710655.000000	15.420832	6086	0.000000
281474976710655.000000	15.057733	6087	0.000000
281474976710655.000000	15.125779	6088	0.000000
281474976710655.000000	15.274626	6089	0.000000
281474976710655.000000	15.725079	6090	0.000000
281474976710655.000000	15.017586	6091	0.000000
281474976710655.000000	14.824695	6092	0.000000
281474976710655.000000	14.884404	6093	0.000000
281474976710655.000000	15.289828	6094	0.000000
281474976710655.000000	14.972228	6095	0.000000
281474976710655.000000	14.809842	6096	0.000000
281474976710655.000000	14.820073	6097	0.000000
281474976710655.000000	15.024183	6098	0.000000
281474976710655.000000	15.212743	6099	0.000000
281474976710655.000000	15.735661	6100	0.000000
281474976710655.000000	14.660630	6101	0.000000
281474976710655.000000	15.155689	6102	0.000000
281474976710655.000000	15.148394	6103	0.000000
281474976710655.000000	15.407387	6104	0.000000
281474976710655.000000	15.271643	6105	0.000000
281474976710655.000000	15.379150	6106	0.000000
281474976710655.000000	15.297475	6107	0.000000
281474976710655.000000	14.826136	6108	0.000000
281474976710655.000000	14.808160	6109	0.000000
281474976710655.000000	14.956182	6110	0.000000
281474976710655.000000	14.594935	6111	0.000000
281474976710655.000000	14.901670	6112	0.000000
281474976710655.000000	14.738823	6113	0.000000
281474976710655.000000	14.426537	6114	0.000000
281474976710655.000000	14.724146	6115	0.000000
281474976710655.000000	14.413970	6116	0.000000
281474976710655.000000	14.827402	6117	0.000000
281474976710655.000000	15.192381	6118	0.000000
281474976710655.000000	14.457608	6119	0.000000
281474976710655.000000	14.332459	6120	0.000000
281474976710655.000000	14.997041	6121	0.000000
281474976710655.000000	14.739923	6122	0.000000
281474976710655.000000	14.912825	6123	0.000000
281474976710655.000000	14.754484	6124	0.000000
281474976710655.000000	14.492923	6125	0.000000
281474976710655.000000	14.462276	6126	0.000000
281474976710655.000000	13.798073	6127	0.000000
281474976710655.000000	14.425889	6128	0.000000
281474976710655.000000	14.659514	6129	0.000000
281474976710655.000000	14.286885	6130	0.000000
281474976710655.000000	14.104882	6131	0.000000
281474976710655.000000	14.585277	6132	0.000000
281474976710655.000000	14.639493	6133	0.000000
281474976710655.000000	14.490011	6134	0.000000
281474976710655.000000	14.549316	6135	0.000000
281474976710655.000000	13.788118	6136	0.000000
281474976710655.000000	14.377157	6137	0.000000
281474976710655.000000	13.875131	6138	0.000000
281474976710655.000000	14.458197	6139	0.000000
281474976710655.000000	15.064157	6140	0.000000
281474976710655.000000	14.144324	6141	0.000000
281474976710655.000000	14.409284	6142	0.000000
281474976710655.000000	14.063645	6143	0.000000
281474976710655.000000	14.326337	6144	0.000000
281474976710655.000000	13.809663	6145	0.000000
281474976710655.000000	13.938142	6146	0.000000
281474976710655.000000	14.261602	6147	0.000000
281474976710655.000000	14.366392	6148	0.000000
281474976710655.000000	13.562374	6149	0.000000
281474976710655.000000	13.596957	6150	0.000000
281474976710655.000000	14.237171	6151	0.000000
281474976710655.000000	13.778643	6152	0.000000
281474976710655.000000	14.366807	6153	0.000000
281474976710655.000000	14.197354	6154	0.000000
281474976710655.000000	14.439528	6155	0.000000
281474976710655.000000	13.968964	6156	0.000000
281474976710655.000000	13.910051	6157	0.000000
281474976710655.000000	13.461226	6158	0.000000
281474976710655.000000	13.825522	6159	0.000000
281474976710655.000000	13.212467	6160	0.000000
281474976710655.000000	13.793030	6161	0.000000
281474976710655.000000	13.704456	6162	0.000000
281474976710655.000000	13.606496	6163	0.000000
281474976710655.000000	13.646119	6164	0.000000
281474976710655.000000	14.298893	6165	0.000000
281474976710655.000000	14.081521	6166	0.000000
281474976710655.000000	13.886766	6167	0.000000
281474976710655.000000	13.568320	6168	0.000000
281474976710655.000000	13.783375	6169	0.000000
281474976710655.000000	13.762093	6170	0.000000
281474976710655.000000	13.477240	6171	0.000000
281474976710655.000000	13.514933	6172	0.000000
281474976710655.000000	13.385574	6173	0.000000
281474976710655.000000	13.139100	6174	0.000000
281474976710655.000000	13.618487	6175	0.000000
281474976710655.000000	13.554648	6176	0.000000
281474976710655.000000	13.389136	6177	0.000000
281474976710655.000000	13.402207	6178	0.000000
281474976710655.000000	13.761524	6179	0.000000
281474976710655.000000	13.890301	6180	0.000000
281474976710655.000000	13.610791	6181	0.000000
281474976710655.000000	13.115322	6182	0.000000
281474976710655.000000	12.877780	6183	0.000000
281474976710655.000000	13.253641	6184	0.000000
281474976710655.000000	13.620179	6185	0.000000
281474976710655.000000	13.070027	6186	0.000000
281474976710655.000000	12.933355	6187	0.000000
281474976710655.000000	14.071539	6188	0.000000
281474976710655.000000	13.022566	6189	0.000000
281474976710655.000000	12.997104	6190	0.000000
281474976710655.000000	13.203928	6191	0.000000
281474976710655.000000	13.395256	6192	0.000000
281474976710655.000000	13.484275	6193	0.000000
281474976710655.000000	13.784572	6194	0.000000
281474976710655.000000	12.733160	6195	0.000000
281474976710655.000000	13.043590	6196	0.000000
281474976710655.000000	13.460549	6197	0.000000
281474976710655.000000	12.870764	6198	0.000000
281474976710655.000000	12.790574	6199	0.000000
281474976710655.000000	13.110574	6200	0.000000
281474976710655.000000	12.748029	6201	0.000000
281474976710655.000000	13.240136	6202	0.000000
281474976710655.000000	12.878828	6203	0.000000
281474976710655.000000	12.938604	6204	0.000000
281474976710655.000000	13.032404	6205	0.000000
281474976710655.000000	12.412384	6206	0.000000
281474976710655.000000	12.785217	6207	0.000000
281474976710655.000000	12.466056	6208	0.000000
281474976710655.000000	12.541444	6209	0.000000
281474976710655.000000	12.403012	6210	0.000000
281474976710655.000000	12.585386	6211	0.000000
281474976710655.000000	12.662169	6212	0.000000
281474976710655.000000	12.654745	6213	0.000000
281474976710655.000000	12.457850	6214	0.000000
281474976710655.000000	12.455919	6215	0.000000
281474976710655.000000	12.851595	6216	0.000000
281474976710655.000000	12.698646	6217	0.000000
281474976710655.000000	12.579044	6218	0.000000
281474976710655.000000	12.829502	6219	0.000000
281474976710655.000000	12.375265	6220	0.000000
281474976710655.000000	12.631350	6221	0.000000
281474976710655.000000	12.888454	6222	0.000000
281474976710655.000000	12.331945	6223	0.000000
281474976710655.000000	12.440963	6224	0.000000
281474976710655.000000	12.417308	6225	0.000000
281474976710655.000000	12.175007	6226	0.000000
281474976710655.000000	12.688122	6227	0.000000
281474976710655.000000	12.822745	6228	0.000000
281474976710655.000000	11.864816	6229	0.000000
281474976710655.000000	12.328096	6230	0.000000
281474976710655.000000	12.155418	6231	0.000000
281474976710655.000000	11.918825	6232	0.000000
281474976710655.000000	12.462193	6233	0.000000
281474976710655.000000	12.529209	6234	0.000000
281474976710655.000000	12.552773	6235	0.000000
281474976710655.000000	12.369882	6236	0.000000
281474976710655.000000	12.106590	6237	0.000000
281474976710655.000000	12.169426	6238	0.000000
281474976710655.000000	11.882958	6239	0.000000
281474976710655.000000	12.165195	6240	0.000000
281474976710655.000000	12.170918	6241	0.000000
281474976710655.000000	12.403680	6242	0.000000
281474976710655.000000	11.995074	6243	0.000000
281474976710655.000000	12.274002	6244	0.000000
281474976710655.000000	12.145177	6245	0.000000
281474976710655.000000	12.243716	6246	0.000000
281474976710655.000000	11.911259	6247	0.000000
281474976710655.000000	12.315422	6248	0.000000
281474976710655.000000	12.242014	6249	0.000000
281474976710655.000000	11.626664	6250	0.000000
281474976710655.000000	11.825042	6251	0.000000
281474976710655.000000	11.543900	6252	0.000000
281474976710655.000000	11.940709	6253	0.000000
281474976710655.000000	12.010028	6254	0.000000
281474976710655.000000	11.919962	6255	0.000000
281474976710655.000000	12.315631	6256	0.000000
281474976710655.000000	12.140562	6257	0.000000
281474976710655.000000	11.805928	6258	0.000000
281474976710655.000000	11.339792	6259	0.000000
281474976710655.000000	11.834038	6260	0.000000
281474976710655.000000	12.230525	6261	0.000000
281474976710655.000000	11.688931	6262	0.000000
281474976710655.000000	11.879484	6263	0.000000
281474976710655.000000	11.885348	6264	0.000000
281474976710655.000000	11.589309	6265	0.000000
281474976710655.000000	11.582425	6266	0.000000
281474976710655.000000	11.860659	6267	0.000000
281474976710655.000000	11.738143	6268	0.000000
281474976710655.000000	11.480323	6269	0.000000
281474976710655.000000	11.364747	6270	0.000000
281474976710655.000000	11.761901	6271	0.000000
281474976710655.000000	11.678157	6272	0.000000
281474976710655.000000	11.408703	6273	0.000000
281474976710655.000000	11.370639	6274	0.000000
281474976710655.000000	11.947900	6275	0.000000
281474976710655.000000	11.554502	6276	0.000000
281474976710655.000000	11.655739	6277	0.000000
281474976710655.000000	11.803102	6278	0.000000
281474976710655.000000	11.435842	6279	0.000000
281474976710655.000000	11.692233	6280	0.000000
281474976710655.000000	11.587006	6281	0.000000
281474976710655.000000	11.599460	6282	0.000000
281474976710655.000000	11.531254	6283	0.000000
281474976710655.000000	11.515644	6284	0.000000
281474976710655.000000	11.387014	6285	0.000000
281474976710655.000000	11.335611	6286	0.000000
281474976710655.000000	11.322243	6287	0.000000
281474976710655.000000	11.460879	6288	0.000000
281474976710655.000000	11.440694	6289	0.000000
281474976710655.000000	11.264589	6290	0.000000
281474976710655.000000	11.094504	6291	0.000000
281474976710655.000000	11.365642	6292	0.000000
281474976710655.000000	11.414306	6293	0.000000
281474976710655.000000	11.509645	6294	0.000000
281474976710655.000000	10.912147	6295	0.000000
281474976710655.000000	11.027687	6296	0.000000
281474976710655.000000	11.241546	6297	0.000000
281474976710655.000000	11.358972	6298	0.000000
281474976710655.000000	10.976954	6299	0.000000
281474976710655.000000	11.122763	6300	0.000000
281474976710655.000000	11.263488	6301	0.000000
281474976710655.000000	11.109838	6302	0.000000
281474976710655.000000	10.927313	6303	0.000000
281474976710655.000000	10.849222	6304	0.000000
281474976710655.000000	10.964929	6305	0.000000
281474976710655.000000	11.213327	6306	0.000000
281474976710655.000000	10.949748	6307	0.000000
281474976710655.000000	10.970510	6308	0.000000
281474976710655.000000	10.970986	6309	0.000000
281474976710655.000000	10.752717	6310	0.000000
281474976710655.000000	10.695397	6311	0.000000
281474976710655.000000	10.892313	6312	0.000000
281474976710655.000000	10.845218	6313	0.000000
281474976710655.000000	11.205397	6314	0.000000
281474976710655.000000	10.565403	6315	0.000000
281474976710655.000000	10.999882	6316	0.000000
281474976710655.000000	10.820762	6317	0.000000
281474976710655.000000	10.932617	6318	0.000000
281474976710655.000000	10.730711	6319	0.000000
281474976710655.000000	10.806788	6320	0.000000
281474976710655.000000	10.638263	6321	0.000000
281474976710655.000000	10.805550	6322	0.000000
281474976710655.000000	10.743319	6323	0.000000
281474976710655.000000	10.631278	6324	0.000000
281474976710655.000000	10.670099	6325	0.000000
281474976710655.000000	10.643157	6326	0.000000
281474976710655.000000	10.426544	6327	0.000000
281474976710655.000000	10.742389	6328	0.000000
281474976710655.000000	10.906555	6329	0.000000
281474976710655.000000	10.528407	6330	0.000000
281474976710655.000000	10.664377	6331	0.000000
281474976710655.000000	10.454241	6332	0.000000
281474976710655.000000	10.524110	6333	0.000000
281474976710655.000000	10.643386	6334	0.000000
281474976710655.000000	10.457829	6335	0.000000
281474976710655.000000	10.525946	6336	0.000000
281474976710655.000000	10.424193	6337	0.000000
281474976710655.000000	10.580324	6338	0.000000
281474976710655.000000	10.252767	6339	0.000000
281474976710655.000000	10.567896	6340	0.000000
281474976710655.000000	10.471475	6341	0.000000
281474976710655.000000	10.535022	6342	0.000000
281474976710655.000000	10.428261	6343	0.000000
281474976710655.000000	10.389035	6344	0.000000
281474976710655.000000	10.234783	6345	0.000000
281474976710655.000000	10.251834	6346	0.000000
281474976710655.000000	10.652876	6347	0.000000
281474976710655.000000	10.402091	6348	0.000000
281474976710655.000000	10.448841	6349	0.000000
281474976710655.000000	10.604862	6350	0.000000
281474976710655.000000	10.074210	6351	0.000000
281474976710655.000000	10.356606	6352	0.000000
281474976710655.000000	10.339695	6353	0.000000
281474976710655.000000	10.206972	6354	0.000000
281474976710655.000000	10.229983	6355	0.000000
281474976710655.000000	10.342349	6356	0.000000
281474976710655.000000	9.983050	6357	0.000000
281474976710655.000000	10.139549	6358	0.000000
281474976710655.000000	10.037199	6359	0.000000
281474976710655.000000	10.197308	6360	0.000000
281474976710655.000000	10.004400	6361	0.000000
281474976710655.000000	10.206046	6362	0.000000
281474976710655.000000	9.953731	6363	0.000000
281474976710655.000000	9.926455	6364	0.000000
281474976710655.000000	10.110160	6365	0.000000
281474976710655.000000	9.973548	6366	0.000000
281474976710655.000000	9.873470	6367	0.000000
281474976710655.000000	9.837322	6368	0.000000
281474976710655.000000	9.998323	6369	0.000000
281474976710655.000000	9.893822	6370	0.000000
281474976710655.000000	9.815346	6371	0.000000
281474976710655.000000	10.094410	6372	0.000000
281474976710655.000000	9.912521	6373	0.000000
281474976710655.000000	9.857072	6374	0.000000
281474976710655.000000	9.909535	6375	0.000000
281474976710655.000000	9.754656	6376	0.000000
