crossing time (s)	slope (V/s)	crossing number
281474976710655.000000	53.528805	6447	0.000000
281474976710655.000000	41.967525	6448	0.000000
281474976710655.000000	42.159615	6449	0.000000
281474976710655.000000	63.712265	6450	0.000000
281474976710655.000000	53.984352	6451	0.000000
281474976710655.000000	73.432014	6452	0.000000
281474976710655.000000	53.609112	6453	0.000000
281474976710655.000000	50.462971	6454	0.000000
281474976710655.000000	43.468922	6455	0.000000
281474976710655.000000	53.160389	6456	0.000000
281474976710655.000000	54.519520	6457	0.000000
281474976710655.000000	51.039272	6458	0.000000
281474976710655.000000	55.875858	6459	0.000000
281474976710655.000000	33.714115	6460	0.000000
281474976710655.000000	54.764530	6461	0.000000
281474976710655.000000	53.938000	6462	0.000000
281474976710655.000000	56.650875	6463	0.000000
281474976710655.000000	52.397591	6464	0.000000
281474976710655.000000	52.124588	6465	0.000000
281474976710655.000000	52.912617	6466	0.000000
281474976710655.000000	57.604500	6467	0.000000
281474976710655.000000	56.175949	6468	0.000000
281474976710655.000000	51.185966	6469	0.000000
281474976710655.000000	40.964458	6470	0.000000
281474976710655.000000	39.946747	6471	0.000000
281474976710655.000000	55.330940	6472	0.000000
281474976710655.000000	52.309090	6473	0.000000
281474976710655.000000	51.669521	6474	0.000000
281474976710655.000000	52.437473	6475	0.000000
281474976710655.000000	52.974285	6476	0.000000
281474976710655.000000	53.118378	6477	0.000000
281474976710655.000000	50.988140	6478	0.000000
281474976710655.000000	54.389706	6479	0.000000
281474976710655.000000	51.191414	6480	0.000000
281474976710655.000000	43.844093	6481	0.000000
281474976710655.000000	41.620674	6482	0.000000
281474976710655.000000	51.011929	6483	0.000000
281474976710655.000000	57.141022	6484	0.000000
281474976710655.000000	38.024681	6485	0.000000
281474976710655.000000	38.192249	6486	0.000000
281474976710655.000000	51.636860	6487	0.000000
281474976710655.000000	44.286091	6488	0.000000
281474976710655.000000	51.427990	6489	0.000000
281474976710655.000000	51.144520	6490	0.000000
281474976710655.000000	51.466450	6491	0.000000
281474976710655.000000	40.434002	6492	0.000000
281474976710655.000000	71.823830	6493	0.000000
281474976710655.000000	50.562126	6494	0.000000
281474976710655.000000	58.241100	6495	0.000000
281474976710655.000000	49.812164	6496	0.000000
281474976710655.000000	39.704266	6497	0.000000
281474976710655.000000	80.369003	6498	0.000000
281474976710655.000000	39.519287	6499	0.000000
281474976710655.000000	51.608555	6500	0.000000
281474976710655.000000	51.612007	6501	0.000000
281474976710655.000000	38.501705	6502	0.000000
281474976710655.000000	38.977516	6503	0.000000
281474976710655.000000	50.033752	6504	0.000000
281474976710655.000000	55.283134	6505	0.000000
281474976710655.000000	48.604668	6506	0.000000
281474976710655.000000	48.539318	6507	0.000000
281474976710655.000000	52.838688	6508	0.000000
281474976710655.000000	48.442963	6509	0.000000
281474976710655.000000	48.597786	6510	0.000000
281474976710655.000000	80.246651	6511	0.000000
281474976710655.000000	57.373859	6512	0.000000
281474976710655.000000	48.746750	6513	0.000000
281474976710655.000000	49.400196	6514	0.000000
281474976710655.000000	50.196606	6515	0.000000
281474976710655.000000	49.928604	6516	0.000000
281474976710655.000000	33.563999	6517	0.000000
281474976710655.000000	49.640163	6518	0.000000
281474976710655.000000	51.686897	6519	0.000000
281474976710655.000000	48.270069	6520	0.000000
281474976710655.000000	42.436001	6521	0.000000
281474976710655.000000	55.047161	6522	0.000000
281474976710655.000000	48.593853	6523	0.000000
281474976710655.000000	49.299416	6524	0.000000
281474976710655.000000	49.434826	6525	0.000000
281474976710655.000000	37.393089	6526	0.000000
281474976710655.000000	50.836090	6527	0.000000
281474976710655.000000	69.402267	6528	0.000000
281474976710655.000000	39.940674	6529	0.000000
281474976710655.000000	32.421394	6530	0.000000
281474976710655.000000	68.136147	6531	0.000000
281474976710655.000000	56.398239	6532	0.000000
281474976710655.000000	64.920441	6533	0.000000
281474976710655.000000	51.975876	6534	0.000000
281474976710655.000000	51.187832	6535	0.000000
281474976710655.000000	74.437584	6536	0.000000
281474976710655.000000	48.322186	6537	0.000000
281474976710655.000000	40.308830	6538	0.000000
281474976710655.000000	60.368233	6539	0.000000
281474976710655.000000	40.262157	6540	0.000000
281474976710655.000000	46.079418	6541	0.000000
281474976710655.000000	53.627529	6542	0.000000
281474976710655.000000	48.577042	6543	0.000000
281474976710655.000000	53.377766	6544	0.000000
281474976710655.000000	46.928104	6545	0.000000
281474976710655.000000	46.750984	6546	0.000000
281474976710655.000000	66.226799	6547	0.000000
281474976710655.000000	47.716805	6548	0.000000
281474976710655.000000	51.045082	6549	0.000000
281474976710655.000000	45.797455	6550	0.000000
281474976710655.000000	51.383400	6551	0.000000
281474976710655.000000	47.509811	6552	0.000000
281474976710655.000000	42.177551	6553	0.000000
281474976710655.000000	40.456932	6554	0.000000
281474976710655.000000	54.472366	6555	0.000000
281474976710655.000000	42.078377	6556	0.000000
281474976710655.000000	45.382679	6557	0.000000
281474976710655.000000	47.220623	6558	0.000000
281474976710655.000000	47.299728	6559	0.000000
281474976710655.000000	46.663101	6560	0.000000
281474976710655.000000	35.612202	6561	0.000000
281474976710655.000000	46.586586	6562	0.000000
281474976710655.000000	40.671528	6563	0.000000
281474976710655.000000	44.072102	6564	0.000000
281474976710655.000000	47.765942	6565	0.000000
281474976710655.000000	45.373745	6566	0.000000
281474976710655.000000	46.662834	6567	0.000000
281474976710655.000000	40.376354	6568	0.000000
281474976710655.000000	46.979504	6569	0.000000
281474976710655.000000	47.839352	6570	0.000000
281474976710655.000000	39.170441	6571	0.000000
281474976710655.000000	37.663334	6572	0.000000
281474976710655.000000	53.661789	6573	0.000000
281474976710655.000000	47.160549	6574	0.000000
281474976710655.000000	38.979561	6575	0.000000
281474976710655.000000	42.140244	6576	0.000000
281474976710655.000000	46.451153	6577	0.000000
281474976710655.000000	40.576248	6578	0.000000
281474976710655.000000	52.398312	6579	0.000000
281474976710655.000000	50.094234	6580	0.000000
281474976710655.000000	45.638084	6581	0.000000
281474976710655.000000	40.828632	6582	0.000000
281474976710655.000000	43.383244	6583	0.000000
281474976710655.000000	47.480740	6584	0.000000
281474976710655.000000	62.826420	6585	0.000000
281474976710655.000000	45.416321	6586	0.000000
281474976710655.000000	35.792477	6587	0.000000
281474976710655.000000	44.892590	6588	0.000000
281474976710655.000000	38.811543	6589	0.000000
281474976710655.000000	39.438839	6590	0.000000
281474976710655.000000	45.721066	6591	0.000000
281474976710655.000000	45.554188	6592	0.000000
281474976710655.000000	45.039448	6593	0.000000
281474976710655.000000	57.757027	6594	0.000000
281474976710655.000000	45.392006	6595	0.000000
281474976710655.000000	37.729038	6596	0.000000
281474976710655.000000	49.803585	6597	0.000000
281474976710655.000000	35.461887	6598	0.000000
281474976710655.000000	42.852467	6599	0.000000
281474976710655.000000	33.722950	6600	0.000000
281474976710655.000000	48.072865	6601	0.000000
281474976710655.000000	38.743835	6602	0.000000
281474976710655.000000	49.692039	6603	0.000000
281474976710655.000000	42.934513	6604	0.000000
281474976710655.000000	63.148891	6605	0.000000
281474976710655.000000	45.043701	6606	0.000000
281474976710655.000000	58.973869	6607	0.000000
281474976710655.000000	46.038197	6608	0.000000
281474976710655.000000	49.667717	6609	0.000000
281474976710655.000000	45.138802	6610	0.000000
281474976710655.000000	56.073097	6611	0.000000
281474976710655.000000	44.117664	6612	0.000000
281474976710655.000000	41.536278	6613	0.000000
281474976710655.000000	48.973450	6614	0.000000
281474976710655.000000	59.732811	6615	0.000000
281474976710655.000000	60.934738	6616	0.000000
281474976710655.000000	55.329773	6617	0.000000
281474976710655.000000	36.325134	6618	0.000000
281474976710655.000000	41.011482	6619	0.000000
281474976710655.000000	42.987892	6620	0.000000
281474976710655.000000	44.209595	6621	0.000000
281474976710655.000000	43.645981	6622	0.000000
281474976710655.000000	42.251133	6623	0.000000
281474976710655.000000	43.032902	6624	0.000000
281474976710655.000000	39.789818	6625	0.000000
281474976710655.000000	70.413513	6626	0.000000
281474976710655.000000	35.817425	6627	0.000000
281474976710655.000000	59.957928	6628	0.000000
281474976710655.000000	43.221218	6629	0.000000
281474976710655.000000	44.260883	6630	0.000000
281474976710655.000000	37.719482	6631	0.000000
281474976710655.000000	40.526577	6632	0.000000
281474976710655.000000	52.964497	6633	0.000000
281474976710655.000000	48.485325	6634	0.000000
281474976710655.000000	43.396122	6635	0.000000
281474976710655.000000	43.816624	6636	0.000000
281474976710655.000000	39.908527	6637	0.000000
281474976710655.000000	41.236298	6638	0.000000
281474976710655.000000	48.175106	6639	0.000000
281474976710655.000000	40.704784	6640	0.000000
281474976710655.000000	35.356987	6641	0.000000
281474976710655.000000	40.276939	6642	0.000000
281474976710655.000000	58.844189	6643	0.000000
281474976710655.000000	47.697964	6644	0.000000
281474976710655.000000	35.433109	6645	0.000000
281474976710655.000000	46.644569	6646	0.000000
281474976710655.000000	44.940773	6647	0.000000
281474976710655.000000	51.919056	6648	0.000000
281474976710655.000000	36.979633	6649	0.000000
281474976710655.000000	40.012070	6650	0.000000
281474976710655.000000	44.347103	6651	0.000000
281474976710655.000000	42.913826	6652	0.000000
281474976710655.000000	40.896049	6653	0.000000
281474976710655.000000	44.455505	6654	0.000000
281474976710655.000000	48.791542	6655	0.000000
281474976710655.000000	42.831696	6656	0.000000
281474976710655.000000	60.007080	6657	0.000000
281474976710655.000000	51.871147	6658	0.000000
281474976710655.000000	41.259361	6659	0.000000
281474976710655.000000	40.740227	6660	0.000000
281474976710655.000000	34.841515	6661	0.000000
281474976710655.000000	42.910770	6662	0.000000
281474976710655.000000	46.177219	6663	0.000000
281474976710655.000000	41.816811	6664	0.000000
281474976710655.000000	38.769852	6665	0.000000
281474976710655.000000	52.662144	6666	0.000000
281474976710655.000000	41.414337	6667	0.000000
281474976710655.000000	42.623310	6668	0.000000
281474976710655.000000	46.906097	6669	0.000000
281474976710655.000000	40.667252	6670	0.000000
281474976710655.000000	34.116169	6671	0.000000
281474976710655.000000	41.879662	6672	0.000000
281474976710655.000000	51.596882	6673	0.000000
281474976710655.000000	41.723133	6674	0.000000
281474976710655.000000	51.134140	6675	0.000000
281474976710655.000000	34.162109	6676	0.000000
281474976710655.000000	39.576904	6677	0.000000
281474976710655.000000	45.319164	6678	0.000000
281474976710655.000000	34.606121	6679	0.000000
281474976710655.000000	35.906132	6680	0.000000
281474976710655.000000	33.954765	6681	0.000000
281474976710655.000000	44.998089	6682	0.000000
281474976710655.000000	42.266876	6683	0.000000
281474976710655.000000	38.520077	6684	0.000000
281474976710655.000000	49.348095	6685	0.000000
281474976710655.000000	41.912300	6686	0.000000
281474976710655.000000	38.003105	6687	0.000000
281474976710655.000000	34.264252	6688	0.000000
281474976710655.000000	44.411789	6689	0.000000
281474976710655.000000	38.447601	6690	0.000000
281474976710655.000000	42.497189	6691	0.000000
281474976710655.000000	38.057121	6692	0.000000
281474976710655.000000	43.447540	6693	0.000000
281474976710655.000000	50.380024	6694	0.000000
281474976710655.000000	40.428188	6695	0.000000
281474976710655.000000	51.099964	6696	0.000000
281474976710655.000000	44.846214	6697	0.000000
281474976710655.000000	42.829781	6698	0.000000
281474976710655.000000	38.245338	6699	0.000000
281474976710655.000000	40.941002	6700	0.000000
281474976710655.000000	41.237778	6701	0.000000
281474976710655.000000	34.221577	6702	0.000000
281474976710655.000000	43.359158	6703	0.000000
281474976710655.000000	38.705906	6704	0.000000
281474976710655.000000	43.573200	6705	0.000000
281474976710655.000000	45.020714	6706	0.000000
281474976710655.000000	40.044678	6707	0.000000
281474976710655.000000	33.152290	6708	0.000000
281474976710655.000000	41.228142	6709	0.000000
281474976710655.000000	31.824684	6710	0.000000
281474976710655.000000	38.083286	6711	0.000000
281474976710655.000000	39.007420	6712	0.000000
281474976710655.000000	38.548672	6713	0.000000
281474976710655.000000	33.067097	6714	0.000000
281474976710655.000000	35.617607	6715	0.000000
281474976710655.000000	34.717297	6716	0.000000
281474976710655.000000	41.342491	6717	0.000000
281474976710655.000000	40.393085	6718	0.000000
281474976710655.000000	31.751879	6719	0.000000
281474976710655.000000	34.045673	6720	0.000000
281474976710655.000000	32.527058	6721	0.000000
281474976710655.000000	37.625942	6722	0.000000
281474976710655.000000	38.111084	6723	0.000000
281474976710655.000000	39.575031	6724	0.000000
281474976710655.000000	32.800320	6725	0.000000
281474976710655.000000	40.744946	6726	0.000000
281474976710655.000000	39.505745	6727	0.000000
281474976710655.000000	39.773930	6728	0.000000
281474976710655.000000	47.853752	6729	0.000000
281474976710655.000000	34.060970	6730	0.000000
281474976710655.000000	33.288006	6731	0.000000
281474976710655.000000	36.569546	6732	0.000000
281474976710655.000000	33.225910	6733	0.000000
281474976710655.000000	34.177361	6734	0.000000
281474976710655.000000	38.152752	6735	0.000000
281474976710655.000000	37.813507	6736	0.000000
281474976710655.000000	32.031784	6737	0.000000
281474976710655.000000	37.308525	6738	0.000000
281474976710655.000000	37.506355	6739	0.000000
281474976710655.000000	38.369526	6740	0.000000
281474976710655.000000	37.308880	6741	0.000000
281474976710655.000000	41.086628	6742	0.000000
281474976710655.000000	37.733982	6743	0.000000
281474976710655.000000	35.170311	6744	0.000000
281474976710655.000000	32.423042	6745	0.000000
281474976710655.000000	37.571918	6746	0.000000
281474976710655.000000	35.394287	6747	0.000000
281474976710655.000000	39.603733	6748	0.000000
281474976710655.000000	37.786144	6749	0.000000
281474976710655.000000	47.571331	6750	0.000000
281474976710655.000000	39.147076	6751	0.000000
281474976710655.000000	37.530617	6752	0.000000
281474976710655.000000	38.300823	6753	0.000000
281474976710655.000000	39.357903	6754	0.000000
281474976710655.000000	46.828148	6755	0.000000
281474976710655.000000	36.627647	6756	0.000000
281474976710655.000000	30.595798	6757	0.000000
281474976710655.000000	35.693966	6758	0.000000
281474976710655.000000	34.895752	6759	0.000000
281474976710655.000000	32.782291	6760	0.000000
281474976710655.000000	32.276154	6761	0.000000
281474976710655.000000	36.883366	6762	0.000000
281474976710655.000000	34.755146	6763	0.000000
281474976710655.000000	37.989704	6764	0.000000
281474976710655.000000	41.035786	6765	0.000000
281474976710655.000000	38.818424	6766	0.000000
281474976710655.000000	35.751839	6767	0.000000
281474976710655.000000	36.385170	6768	0.000000
281474976710655.000000	34.527355	6769	0.000000
281474976710655.000000	40.216007	6770	0.000000
281474976710655.000000	29.368183	6771	0.000000
281474976710655.000000	33.856113	6772	0.000000
281474976710655.000000	30.644804	6773	0.000000
281474976710655.000000	31.157299	6774	0.000000
281474976710655.000000	34.549801	6775	0.000000
281474976710655.000000	40.987556	6776	0.000000
281474976710655.000000	38.890312	6777	0.000000
281474976710655.000000	32.242912	6778	0.000000
281474976710655.000000	34.231327	6779	0.000000
281474976710655.000000	39.698139	6780	0.000000
281474976710655.000000	36.560280	6781	0.000000
281474976710655.000000	39.053032	6782	0.000000
281474976710655.000000	36.131115	6783	0.000000
281474976710655.000000	46.296936	6784	0.000000
281474976710655.000000	36.002823	6785	0.000000
281474976710655.000000	39.469566	6786	0.000000
281474976710655.000000	29.684523	6787	0.000000
281474976710655.000000	36.702332	6788	0.000000
281474976710655.000000	37.022758	6789	0.000000
281474976710655.000000	36.697727	6790	0.000000
281474976710655.000000	37.149746	6791	0.000000
281474976710655.000000	36.377640	6792	0.000000
281474976710655.000000	35.311226	6793	0.000000
281474976710655.000000	45.214531	6794	0.000000
281474976710655.000000	31.305300	6795	0.000000
281474976710655.000000	37.760025	6796	0.000000
281474976710655.000000	33.342197	6797	0.000000
281474976710655.000000	32.820362	6798	0.000000
281474976710655.000000	30.635780	6799	0.000000
281474976710655.000000	33.510288	6800	0.000000
281474976710655.000000	36.670105	6801	0.000000
281474976710655.000000	35.725540	6802	0.000000
281474976710655.000000	35.349064	6803	0.000000
281474976710655.000000	30.727871	6804	0.000000
281474976710655.000000	44.005253	6805	0.000000
281474976710655.000000	40.713272	6806	0.000000
281474976710655.000000	32.889023	6807	0.000000
281474976710655.000000	33.763802	6808	0.000000
281474976710655.000000	31.995676	6809	0.000000
281474976710655.000000	36.221001	6810	0.000000
281474976710655.000000	36.257915	6811	0.000000
281474976710655.000000	41.298290	6812	0.000000
281474976710655.000000	40.257454	6813	0.000000
281474976710655.000000	34.704617	6814	0.000000
281474976710655.000000	34.303841	6815	0.000000
281474976710655.000000	38.189030	6816	0.000000
281474976710655.000000	34.373611	6817	0.000000
281474976710655.000000	37.726406	6818	0.000000
281474976710655.000000	33.217663	6819	0.000000
281474976710655.000000	30.933170	6820	0.000000
281474976710655.000000	34.498051	6821	0.000000
281474976710655.000000	30.446997	6822	0.000000
281474976710655.000000	33.981392	6823	0.000000
281474976710655.000000	37.050495	6824	0.000000
281474976710655.000000	37.694752	6825	0.000000
281474976710655.000000	31.756840	6826	0.000000
281474976710655.000000	33.722881	6827	0.000000
281474976710655.000000	31.206089	6828	0.000000
281474976710655.000000	43.296352	6829	0.000000
281474976710655.000000	34.133423	6830	0.000000
281474976710655.000000	34.935062	6831	0.000000
281474976710655.000000	30.649330	6832	0.000000
281474976710655.000000	33.101505	6833	0.000000
281474976710655.000000	33.828373	6834	0.000000
281474976710655.000000	36.843880	6835	0.000000
281474976710655.000000	29.862846	6836	0.000000
281474976710655.000000	30.347523	6837	0.000000
281474976710655.000000	34.971661	6838	0.000000
281474976710655.000000	34.281364	6839	0.000000
281474976710655.000000	35.085773	6840	0.000000
281474976710655.000000	35.137676	6841	0.000000
281474976710655.000000	28.802515	6842	0.000000
281474976710655.000000	31.590424	6843	0.000000
281474976710655.000000	30.844786	6844	0.000000
281474976710655.000000	34.237766	6845	0.000000
281474976710655.000000	33.739075	6846	0.000000
281474976710655.000000	30.743193	6847	0.000000
281474976710655.000000	33.516575	6848	0.000000
281474976710655.000000	29.401197	6849	0.000000
281474976710655.000000	36.173748	6850	0.000000
281474976710655.000000	34.734379	6851	0.000000
281474976710655.000000	30.573559	6852	0.000000
281474976710655.000000	29.979006	6853	0.000000
281474976710655.000000	32.499805	6854	0.000000
281474976710655.000000	33.222710	6855	0.000000
281474976710655.000000	31.200804	6856	0.000000
281474976710655.000000	31.030365	6857	0.000000
281474976710655.000000	34.991360	6858	0.000000
281474976710655.000000	36.640503	6859	0.000000
281474976710655.000000	35.713078	6860	0.000000
281474976710655.000000	27.629908	6861	0.000000
281474976710655.000000	38.049541	6862	0.000000
281474976710655.000000	30.722330	6863	0.000000
281474976710655.000000	31.168531	6864	0.000000
281474976710655.000000	30.522030	6865	0.000000
281474976710655.000000	35.546024	6866	0.000000
281474976710655.000000	28.124662	6867	0.000000
281474976710655.000000	30.963100	6868	0.000000
281474976710655.000000	28.486498	6869	0.000000
281474976710655.000000	33.198002	6870	0.000000
281474976710655.000000	34.096828	6871	0.000000
281474976710655.000000	32.569530	6872	0.000000
281474976710655.000000	29.918602	6873	0.000000
281474976710655.000000	32.288681	6874	0.000000
281474976710655.000000	30.867510	6875	0.000000
281474976710655.000000	30.990210	6876	0.000000
281474976710655.000000	29.406181	6877	0.000000
281474976710655.000000	31.044697	6878	0.000000
281474976710655.000000	28.986204	6879	0.000000
281474976710655.000000	31.490219	6880	0.000000
281474976710655.000000	36.138474	6881	0.000000
281474976710655.000000	32.036076	6882	0.000000
281474976710655.000000	32.114647	6883	0.000000
281474976710655.000000	29.436764	6884	0.000000
281474976710655.000000	30.406946	6885	0.000000
281474976710655.000000	29.895424	6886	0.000000
281474976710655.000000	34.751053	6887	0.000000
281474976710655.000000	29.610647	6888	0.000000
281474976710655.000000	31.921896	6889	0.000000
281474976710655.000000	31.971998	6890	0.000000
281474976710655.000000	28.871822	6891	0.000000
281474976710655.000000	29.506870	6892	0.000000
281474976710655.000000	31.174479	6893	0.000000
281474976710655.000000	30.897240	6894	0.000000
281474976710655.000000	31.311348	6895	0.000000
281474976710655.000000	31.592060	6896	0.000000
281474976710655.000000	30.288942	6897	0.000000
281474976710655.000000	32.537514	6898	0.000000
281474976710655.000000	27.442415	6899	0.000000
281474976710655.000000	29.288509	6900	0.000000
281474976710655.000000	30.171360	6901	0.000000
281474976710655.000000	30.530516	6902	0.000000
281474976710655.000000	29.744047	6903	0.000000
281474976710655.000000	28.729065	6904	0.000000
281474976710655.000000	34.796436	6905	0.000000
281474976710655.000000	31.977932	6906	0.000000
281474976710655.000000	30.967043	6907	0.000000
281474976710655.000000	29.700499	6908	0.000000
281474976710655.000000	32.104435	6909	0.000000
281474976710655.000000	28.149681	6910	0.000000
281474976710655.000000	34.934834	6911	0.000000
281474976710655.000000	29.462210	6912	0.000000
281474976710655.000000	32.240051	6913	0.000000
281474976710655.000000	28.688194	6914	0.000000
281474976710655.000000	30.537676	6915	0.000000
281474976710655.000000	29.773363	6916	0.000000
281474976710655.000000	28.910419	6917	0.000000
281474976710655.000000	28.363144	6918	0.000000
281474976710655.000000	30.863176	6919	0.000000
281474976710655.000000	29.815971	6920	0.000000
281474976710655.000000	30.228043	6921	0.000000
281474976710655.000000	26.049393	6922	0.000000
281474976710655.000000	31.211758	6923	0.000000
281474976710655.000000	31.582655	6924	0.000000
281474976710655.000000	31.554817	6925	0.000000
281474976710655.000000	30.460501	6926	0.000000
281474976710655.000000	30.745939	6927	0.000000
281474976710655.000000	32.439533	6928	0.000000
281474976710655.000000	30.173471	6929	0.000000
281474976710655.000000	28.035986	6930	0.000000
281474976710655.000000	28.513176	6931	0.000000
281474976710655.000000	28.641327	6932	0.000000
281474976710655.000000	28.375162	6933	0.000000
281474976710655.000000	27.951700	6934	0.000000
281474976710655.000000	30.096338	6935	0.000000
281474976710655.000000	28.919975	6936	0.000000
281474976710655.000000	27.726030	6937	0.000000
281474976710655.000000	29.180853	6938	0.000000
281474976710655.000000	31.602089	6939	0.000000
281474976710655.000000	31.658436	6940	0.000000
281474976710655.000000	30.843410	6941	0.000000
281474976710655.000000	30.023552	6942	0.000000
281474976710655.000000	30.168125	6943	0.000000
281474976710655.000000	27.144436	6944	0.000000
281474976710655.000000	27.670076	6945	0.000000
281474976710655.000000	30.054771	6946	0.000000
281474976710655.000000	29.692602	6947	0.000000
281474976710655.000000	26.864813	6948	0.000000
281474976710655.000000	25.426220	6949	0.000000
281474976710655.000000	30.429928	6950	0.000000
281474976710655.000000	30.867867	6951	0.000000
281474976710655.000000	29.168987	6952	0.000000
281474976710655.000000	26.901264	6953	0.000000
281474976710655.000000	27.804501	6954	0.000000
281474976710655.000000	27.182987	6955	0.000000
281474976710655.000000	26.577061	6956	0.000000
281474976710655.000000	28.334566	6957	0.000000
281474976710655.000000	31.437639	6958	0.000000
281474976710655.000000	26.467878	6959	0.000000
281474976710655.000000	27.547369	6960	0.000000
281474976710655.000000	27.577442	6961	0.000000
281474976710655.000000	27.545885	6962	0.000000
281474976710655.000000	26.295252	6963	0.000000
281474976710655.000000	27.399897	6964	0.000000
281474976710655.000000	26.685015	6965	0.000000
281474976710655.000000	27.128038	6966	0.000000
281474976710655.000000	29.758698	6967	0.000000
281474976710655.000000	28.414194	6968	0.000000
281474976710655.000000	27.797886	6969	0.000000
281474976710655.000000	29.077959	6970	0.000000
281474976710655.000000	27.058363	6971	0.000000
281474976710655.000000	27.569878	6972	0.000000
281474976710655.000000	27.115883	6973	0.000000
281474976710655.000000	27.057278	6974	0.000000
281474976710655.000000	26.433830	6975	0.000000
281474976710655.000000	26.524044	6976	0.000000
281474976710655.000000	26.391758	6977	0.000000
281474976710655.000000	28.772511	6978	0.000000
281474976710655.000000	29.356258	6979	0.000000
281474976710655.000000	28.412926	6980	0.000000
281474976710655.000000	30.666197	6981	0.000000
281474976710655.000000	27.671833	6982	0.000000
281474976710655.000000	25.562624	6983	0.000000
281474976710655.000000	28.725004	6984	0.000000
281474976710655.000000	26.188688	6985	0.000000
281474976710655.000000	32.962517	6986	0.000000
281474976710655.000000	26.942106	6987	0.000000
281474976710655.000000	30.831795	6988	0.000000
281474976710655.000000	27.870892	6989	0.000000
281474976710655.000000	28.435572	6990	0.000000
281474976710655.000000	27.404228	6991	0.000000
281474976710655.000000	31.212805	6992	0.000000
281474976710655.000000	30.852894	6993	0.000000
281474976710655.000000	28.347637	6994	0.000000
281474976710655.000000	26.270758	6995	0.000000
281474976710655.000000	27.906078	6996	0.000000
281474976710655.000000	26.462490	6997	0.000000
281474976710655.000000	26.257082	6998	0.000000
281474976710655.000000	26.612242	6999	0.000000
281474976710655.000000	26.501347	7000	0.000000
281474976710655.000000	26.116541	7001	0.000000
281474976710655.000000	26.119619	7002	0.000000
281474976710655.000000	28.309835	7003	0.000000
281474976710655.000000	26.119431	7004	0.000000
281474976710655.000000	26.982414	7005	0.000000
281474976710655.000000	25.732269	7006	0.000000
281474976710655.000000	24.596035	7007	0.000000
281474976710655.000000	25.325624	7008	0.000000
281474976710655.000000	27.033976	7009	0.000000
281474976710655.000000	27.479021	7010	0.000000
281474976710655.000000	27.050068	7011	0.000000
281474976710655.000000	25.155748	7012	0.000000
281474976710655.000000	24.692400	7013	0.000000
281474976710655.000000	27.110083	7014	0.000000
281474976710655.000000	26.715992	7015	0.000000
281474976710655.000000	26.983887	7016	0.000000
281474976710655.000000	27.487682	7017	0.000000
281474976710655.000000	26.749121	7018	0.000000
281474976710655.000000	25.197598	7019	0.000000
281474976710655.000000	24.339619	7020	0.000000
281474976710655.000000	28.325325	7021	0.000000
281474976710655.000000	28.426121	7022	0.000000
281474976710655.000000	27.011656	7023	0.000000
281474976710655.000000	27.273397	7024	0.000000
281474976710655.000000	26.268328	7025	0.000000
281474976710655.000000	25.525824	7026	0.000000
281474976710655.000000	26.550591	7027	0.000000
281474976710655.000000	28.283171	7028	0.000000
281474976710655.000000	26.571743	7029	0.000000
281474976710655.000000	31.056561	7030	0.000000
281474976710655.000000	27.853798	7031	0.000000
281474976710655.000000	26.512840	7032	0.000000
281474976710655.000000	26.229156	7033	0.000000
281474976710655.000000	25.800217	7034	0.000000
281474976710655.000000	26.509434	7035	0.000000
281474976710655.000000	25.156637	7036	0.000000
281474976710655.000000	26.000221	7037	0.000000
281474976710655.000000	26.156664	7038	0.000000
281474976710655.000000	26.843386	7039	0.000000
281474976710655.000000	27.644238	7040	0.000000
281474976710655.000000	25.309992	7041	0.000000
281474976710655.000000	24.644741	7042	0.000000
281474976710655.000000	25.624168	7043	0.000000
281474976710655.000000	26.027781	7044	0.000000
281474976710655.000000	27.640345	7045	0.000000
281474976710655.000000	24.952868	7046	0.000000
281474976710655.000000	26.135452	7047	0.000000
281474976710655.000000	25.513542	7048	0.000000
281474976710655.000000	24.264513	7049	0.000000
281474976710655.000000	25.759987	7050	0.000000
281474976710655.000000	24.780710	7051	0.000000
281474976710655.000000	25.276596	7052	0.000000
281474976710655.000000	26.470865	7053	0.000000
281474976710655.000000	26.037739	7054	0.000000
281474976710655.000000	23.258623	7055	0.000000
281474976710655.000000	26.995319	7056	0.000000
281474976710655.000000	26.317183	7057	0.000000
281474976710655.000000	25.762344	7058	0.000000
281474976710655.000000	24.351454	7059	0.000000
281474976710655.000000	24.369604	7060	0.000000
281474976710655.000000	24.241329	7061	0.000000
281474976710655.000000	23.635090	7062	0.000000
281474976710655.000000	23.456881	7063	0.000000
281474976710655.000000	25.911964	7064	0.000000
281474976710655.000000	25.120514	7065	0.000000
281474976710655.000000	26.090847	7066	0.000000
281474976710655.000000	25.975557	7067	0.000000
281474976710655.000000	24.974491	7068	0.000000
281474976710655.000000	27.059088	7069	0.000000
281474976710655.000000	23.905491	7070	0.000000
281474976710655.000000	24.049541	7071	0.000000
281474976710655.000000	23.451233	7072	0.000000
281474976710655.000000	25.564342	7073	0.000000
281474976710655.000000	25.941387	7074	0.000000
281474976710655.000000	24.975737	7075	0.000000
281474976710655.000000	25.373558	7076	0.000000
281474976710655.000000	24.240181	7077	0.000000
281474976710655.000000	25.765820	7078	0.000000
281474976710655.000000	25.034380	7079	0.000000
281474976710655.000000	22.292936	7080	0.000000
281474976710655.000000	25.513197	7081	0.000000
281474976710655.000000	25.465645	7082	0.000000
281474976710655.000000	24.777422	7083	0.000000
281474976710655.000000	26.309349	7084	0.000000
281474976710655.000000	24.866058	7085	0.000000
281474976710655.000000	26.746861	7086	0.000000
281474976710655.000000	24.085951	7087	0.000000
281474976710655.000000	23.363060	7088	0.000000
281474976710655.000000	24.908131	7089	0.000000
281474976710655.000000	26.694296	7090	0.000000
281474976710655.000000	24.170250	7091	0.000000
281474976710655.000000	26.334511	7092	0.000000
281474976710655.000000	25.253151	7093	0.000000
281474976710655.000000	24.628059	7094	0.000000
281474976710655.000000	23.177261	7095	0.000000
281474976710655.000000	25.170702	7096	0.000000
281474976710655.000000	24.520931	7097	0.000000
281474976710655.000000	23.213341	7098	0.000000
281474976710655.000000	24.826132	7099	0.000000
281474976710655.000000	23.693830	7100	0.000000
281474976710655.000000	26.058718	7101	0.000000
281474976710655.000000	24.051413	7102	0.000000
281474976710655.000000	22.520102	7103	0.000000
281474976710655.000000	24.070955	7104	0.000000
281474976710655.000000	26.348097	7105	0.000000
281474976710655.000000	23.880383	7106	0.000000
281474976710655.000000	24.619268	7107	0.000000
281474976710655.000000	24.921513	7108	0.000000
281474976710655.000000	24.662441	7109	0.000000
281474976710655.000000	26.441109	7110	0.000000
281474976710655.000000	25.107655	7111	0.000000
281474976710655.000000	21.022709	7112	0.000000
281474976710655.000000	24.176155	7113	0.000000
281474976710655.000000	23.587736	7114	0.000000
281474976710655.000000	21.988483	7115	0.000000
281474976710655.000000	24.859314	7116	0.000000
281474976710655.000000	25.542316	7117	0.000000
281474976710655.000000	23.730085	7118	0.000000
281474976710655.000000	25.607895	7119	0.000000
281474976710655.000000	26.011896	7120	0.000000
281474976710655.000000	23.173357	7121	0.000000
281474976710655.000000	26.517477	7122	0.000000
281474976710655.000000	22.295197	7123	0.000000
281474976710655.000000	24.992498	7124	0.000000
281474976710655.000000	24.083704	7125	0.000000
281474976710655.000000	23.697763	7126	0.000000
281474976710655.000000	25.214035	7127	0.000000
281474976710655.000000	24.215715	7128	0.000000
281474976710655.000000	26.575109	7129	0.000000
281474976710655.000000	22.349140	7130	0.000000
281474976710655.000000	25.202217	7131	0.000000
281474976710655.000000	21.176712	7132	0.000000
281474976710655.000000	24.904675	7133	0.000000
281474976710655.000000	25.008467	7134	0.000000
281474976710655.000000	20.300430	7135	0.000000
281474976710655.000000	23.519699	7136	0.000000
281474976710655.000000	23.191132	7137	0.000000
281474976710655.000000	23.246717	7138	0.000000
281474976710655.000000	24.216158	7139	0.000000
281474976710655.000000	23.532572	7140	0.000000
281474976710655.000000	23.762962	7141	0.000000
281474976710655.000000	23.402140	7142	0.000000
281474976710655.000000	22.749632	7143	0.000000
281474976710655.000000	24.767387	7144	0.000000
281474976710655.000000	24.339155	7145	0.000000
281474976710655.000000	22.323128	7146	0.000000
281474976710655.000000	24.018847	7147	0.000000
281474976710655.000000	22.647306	7148	0.000000
281474976710655.000000	24.436703	7149	0.000000
281474976710655.000000	24.841949	7150	0.000000
281474976710655.000000	21.924112	7151	0.000000
281474976710655.000000	23.085550	7152	0.000000
281474976710655.000000	23.844189	7153	0.000000
281474976710655.000000	23.599592	7154	0.000000
281474976710655.000000	22.327240	7155	0.000000
281474976710655.000000	24.299555	7156	0.000000
281474976710655.000000	23.270252	7157	0.000000
281474976710655.000000	22.432928	7158	0.000000
281474976710655.000000	22.314552	7159	0.000000
281474976710655.000000	21.108583	7160	0.000000
281474976710655.000000	23.516329	7161	0.000000
281474976710655.000000	23.602423	7162	0.000000
281474976710655.000000	24.142405	7163	0.000000
281474976710655.000000	23.589027	7164	0.000000
281474976710655.000000	23.650028	7165	0.000000
281474976710655.000000	22.778292	7166	0.000000
281474976710655.000000	21.758635	7167	0.000000
281474976710655.000000	24.393036	7168	0.000000
281474976710655.000000	21.581676	7169	0.000000
281474976710655.000000	23.015579	7170	0.000000
281474976710655.000000	24.329910	7171	0.000000
281474976710655.000000	23.076452	7172	0.000000
281474976710655.000000	23.879194	7173	0.000000
281474976710655.000000	20.681654	7174	0.000000
281474976710655.000000	23.357964	7175	0.000000
281474976710655.000000	20.931799	7176	0.000000
281474976710655.000000	21.944685	7177	0.000000
281474976710655.000000	22.797434	7178	0.000000
281474976710655.000000	22.571512	7179	0.000000
281474976710655.000000	24.085739	7180	0.000000
281474976710655.000000	20.751411	7181	0.000000
281474976710655.000000	22.603695	7182	0.000000
281474976710655.000000	21.620312	7183	0.000000
281474976710655.000000	23.285223	7184	0.000000
281474976710655.000000	23.869122	7185	0.000000
281474976710655.000000	22.035273	7186	0.000000
281474976710655.000000	21.327284	7187	0.000000
281474976710655.000000	21.584494	7188	0.000000
281474976710655.000000	22.372007	7189	0.000000
281474976710655.000000	23.060940	7190	0.000000
281474976710655.000000	22.681473	7191	0.000000
281474976710655.000000	22.875526	7192	0.000000
281474976710655.000000	21.173157	7193	0.000000
281474976710655.000000	23.470749	7194	0.000000
281474976710655.000000	22.717287	7195	0.000000
281474976710655.000000	22.047558	7196	0.000000
281474976710655.000000	20.192673	7197	0.000000
281474976710655.000000	22.807821	7198	0.000000
281474976710655.000000	21.417625	7199	0.000000
281474976710655.000000	22.816746	7200	0.000000
281474976710655.000000	20.809376	7201	0.000000
281474976710655.000000	22.720915	7202	0.000000
281474976710655.000000	22.098520	7203	0.000000
281474976710655.000000	20.238430	7204	0.000000
281474976710655.000000	20.917450	7205	0.000000
281474976710655.000000	21.947338	7206	0.000000
281474976710655.000000	20.187881	7207	0.000000
281474976710655.000000	22.248783	7208	0.000000
281474976710655.000000	22.166086	7209	0.000000
281474976710655.000000	20.103907	7210	0.000000
281474976710655.000000	21.203110	7211	0.000000
281474976710655.000000	21.652859	7212	0.000000
281474976710655.000000	20.271286	7213	0.000000
281474976710655.000000	21.948675	7214	0.000000
281474976710655.000000	22.779358	7215	0.000000
281474976710655.000000	22.501457	7216	0.000000
281474976710655.000000	22.382011	7217	0.000000
281474976710655.000000	19.715527	7218	0.000000
281474976710655.000000	20.240219	7219	0.000000
281474976710655.000000	20.653809	7220	0.000000
281474976710655.000000	21.817797	7221	0.000000
281474976710655.000000	20.681726	7222	0.000000
281474976710655.000000	21.150986	7223	0.000000
281474976710655.000000	21.190514	7224	0.000000
281474976710655.000000	20.959970	7225	0.000000
281474976710655.000000	22.457069	7226	0.000000
281474976710655.000000	20.074965	7227	0.000000
281474976710655.000000	21.936932	7228	0.000000
281474976710655.000000	21.087515	7229	0.000000
281474976710655.000000	22.382183	7230	0.000000
281474976710655.000000	20.582720	7231	0.000000
281474976710655.000000	21.537823	7232	0.000000
281474976710655.000000	22.049854	7233	0.000000
281474976710655.000000	21.100121	7234	0.000000
281474976710655.000000	20.624960	7235	0.000000
281474976710655.000000	21.257830	7236	0.000000
281474976710655.000000	21.477667	7237	0.000000
281474976710655.000000	19.810804	7238	0.000000
281474976710655.000000	21.656750	7239	0.000000
281474976710655.000000	21.217461	7240	0.000000
281474976710655.000000	19.182886	7241	0.000000
281474976710655.000000	20.938730	7242	0.000000
281474976710655.000000	20.909208	7243	0.000000
281474976710655.000000	19.615099	7244	0.000000
281474976710655.000000	20.680981	7245	0.000000
281474976710655.000000	21.410769	7246	0.000000
281474976710655.000000	21.603865	7247	0.000000
281474976710655.000000	20.825443	7248	0.000000
281474976710655.000000	21.502361	7249	0.000000
281474976710655.000000	19.715950	7250	0.000000
281474976710655.000000	20.062050	7251	0.000000
281474976710655.000000	20.641741	7252	0.000000
281474976710655.000000	20.417149	7253	0.000000
281474976710655.000000	20.711107	7254	0.000000
281474976710655.000000	20.824259	7255	0.000000
281474976710655.000000	21.141106	7256	0.000000
281474976710655.000000	20.547926	7257	0.000000
281474976710655.000000	21.348526	7258	0.000000
281474976710655.000000	22.747971	7259	0.000000
281474976710655.000000	20.224306	7260	0.000000
281474976710655.000000	20.486012	7261	0.000000
281474976710655.000000	20.175793	7262	0.000000
281474976710655.000000	21.258139	7263	0.000000
281474976710655.000000	20.297215	7264	0.000000
281474976710655.000000	20.928364	7265	0.000000
281474976710655.000000	18.701857	7266	0.000000
281474976710655.000000	20.838514	7267	0.000000
281474976710655.000000	19.856525	7268	0.000000
281474976710655.000000	19.764353	7269	0.000000
281474976710655.000000	20.338245	7270	0.000000
281474976710655.000000	19.833605	7271	0.000000
281474976710655.000000	20.476858	7272	0.000000
281474976710655.000000	19.861393	7273	0.000000
281474976710655.000000	19.754318	7274	0.000000
281474976710655.000000	20.683189	7275	0.000000
281474976710655.000000	20.744024	7276	0.000000
281474976710655.000000	19.317202	7277	0.000000
281474976710655.000000	19.672829	7278	0.000000
281474976710655.000000	19.878496	7279	0.000000
281474976710655.000000	18.881165	7280	0.000000
281474976710655.000000	19.625753	7281	0.000000
281474976710655.000000	20.150602	7282	0.000000
281474976710655.000000	19.817438	7283	0.000000
281474976710655.000000	19.250822	7284	0.000000
281474976710655.000000	19.755749	7285	0.000000
281474976710655.000000	19.272396	7286	0.000000
281474976710655.000000	19.664959	7287	0.000000
281474976710655.000000	19.047802	7288	0.000000
281474976710655.000000	18.947189	7289	0.000000
281474976710655.000000	19.595642	7290	0.000000
281474976710655.000000	20.488686	7291	0.000000
281474976710655.000000	20.399179	7292	0.000000
281474976710655.000000	19.801445	7293	0.000000
281474976710655.000000	20.794998	7294	0.000000
281474976710655.000000	20.208426	7295	0.000000
281474976710655.000000	19.204004	7296	0.000000
281474976710655.000000	19.384161	7297	0.000000
281474976710655.000000	20.521965	7298	0.000000
281474976710655.000000	19.625708	7299	0.000000
281474976710655.000000	18.375254	7300	0.000000
281474976710655.000000	19.683922	7301	0.000000
281474976710655.000000	19.063637	7302	0.000000
281474976710655.000000	19.824018	7303	0.000000
281474976710655.000000	18.811604	7304	0.000000
281474976710655.000000	19.588142	7305	0.000000
281474976710655.000000	18.127863	7306	0.000000
281474976710655.000000	18.801004	7307	0.000000
281474976710655.000000	19.128687	7308	0.000000
281474976710655.000000	18.285822	7309	0.000000
281474976710655.000000	19.852930	7310	0.000000
281474976710655.000000	18.556547	7311	0.000000
281474976710655.000000	19.197128	7312	0.000000
281474976710655.000000	18.874245	7313	0.000000
281474976710655.000000	19.152941	7314	0.000000
281474976710655.000000	18.876669	7315	0.000000
281474976710655.000000	18.833904	7316	0.000000
281474976710655.000000	19.234081	7317	0.000000
281474976710655.000000	18.570435	7318	0.000000
281474976710655.000000	19.769659	7319	0.000000
281474976710655.000000	18.535353	7320	0.000000
281474976710655.000000	18.550730	7321	0.000000
281474976710655.000000	19.172945	7322	0.000000
281474976710655.000000	18.808332	7323	0.000000
281474976710655.000000	18.167685	7324	0.000000
281474976710655.000000	18.288931	7325	0.000000
281474976710655.000000	18.723730	7326	0.000000
281474976710655.000000	18.484810	7327	0.000000
281474976710655.000000	18.543993	7328	0.000000
281474976710655.000000	18.971001	7329	0.000000
281474976710655.000000	18.460915	7330	0.000000
281474976710655.000000	18.266457	7331	0.000000
281474976710655.000000	17.139172	7332	0.000000
281474976710655.000000	17.958942	7333	0.000000
281474976710655.000000	18.176304	7334	0.000000
281474976710655.000000	18.235325	7335	0.000000
281474976710655.000000	17.295551	7336	0.000000
281474976710655.000000	18.669432	7337	0.000000
281474976710655.000000	17.176607	7338	0.000000
281474976710655.000000	17.352600	7339	0.000000
281474976710655.000000	18.957714	7340	0.000000
281474976710655.000000	18.081461	7341	0.000000
281474976710655.000000	18.258492	7342	0.000000
281474976710655.000000	17.586462	7343	0.000000
281474976710655.000000	18.751566	7344	0.000000
281474976710655.000000	17.234013	7345	0.000000
281474976710655.000000	18.184059	7346	0.000000
281474976710655.000000	18.268114	7347	0.000000
281474976710655.000000	17.855473	7348	0.000000
281474976710655.000000	17.555813	7349	0.000000
281474976710655.000000	18.671028	7350	0.000000
281474976710655.000000	17.415752	7351	0.000000
281474976710655.000000	18.311377	7352	0.000000
281474976710655.000000	17.788754	7353	0.000000
281474976710655.000000	18.317842	7354	0.000000
281474976710655.000000	17.341791	7355	0.000000
281474976710655.000000	18.421158	7356	0.000000
281474976710655.000000	18.092556	7357	0.000000
281474976710655.000000	18.181837	7358	0.000000
281474976710655.000000	17.815617	7359	0.000000
281474976710655.000000	18.420616	7360	0.000000
281474976710655.000000	18.244467	7361	0.000000
281474976710655.000000	18.016497	7362	0.000000
281474976710655.000000	17.452616	7363	0.000000
281474976710655.000000	18.015091	7364	0.000000
281474976710655.000000	17.549088	7365	0.000000
281474976710655.000000	18.174812	7366	0.000000
281474976710655.000000	18.458815	7367	0.000000
281474976710655.000000	17.576567	7368	0.000000
281474976710655.000000	17.654560	7369	0.000000
281474976710655.000000	17.430445	7370	0.000000
281474976710655.000000	18.093357	7371	0.000000
281474976710655.000000	17.568596	7372	0.000000
281474976710655.000000	17.599180	7373	0.000000
281474976710655.000000	17.423431	7374	0.000000
281474976710655.000000	17.031132	7375	0.000000
281474976710655.000000	17.605291	7376	0.000000
281474976710655.000000	17.205950	7377	0.000000
281474976710655.000000	18.050827	7378	0.000000
281474976710655.000000	17.259123	7379	0.000000
281474976710655.000000	17.733076	7380	0.000000
281474976710655.000000	17.370979	7381	0.000000
281474976710655.000000	17.763363	7382	0.000000
281474976710655.000000	17.209888	7383	0.000000
281474976710655.000000	17.895350	7384	0.000000
281474976710655.000000	17.004328	7385	0.000000
281474976710655.000000	17.292576	7386	0.000000
281474976710655.000000	17.389036	7387	0.000000
281474976710655.000000	17.753506	7388	0.000000
281474976710655.000000	17.357632	7389	0.000000
281474976710655.000000	16.771557	7390	0.000000
281474976710655.000000	17.052458	7391	0.000000
281474976710655.000000	17.600660	7392	0.000000
281474976710655.000000	17.208883	7393	0.000000
281474976710655.000000	16.949558	7394	0.000000
281474976710655.000000	16.973978	7395	0.000000
281474976710655.000000	17.407576	7396	0.000000
281474976710655.000000	17.482441	7397	0.000000
281474976710655.000000	17.352953	7398	0.000000
281474976710655.000000	17.045679	7399	0.000000
281474976710655.000000	16.799709	7400	0.000000
281474976710655.000000	16.924057	7401	0.000000
281474976710655.000000	17.167505	7402	0.000000
281474976710655.000000	16.547428	7403	0.000000
281474976710655.000000	16.169876	7404	0.000000
281474976710655.000000	17.264467	7405	0.000000
281474976710655.000000	16.471331	7406	0.000000
281474976710655.000000	17.228384	7407	0.000000
281474976710655.000000	17.101830	7408	0.000000
281474976710655.000000	16.327063	7409	0.000000
281474976710655.000000	16.652098	7410	0.000000
281474976710655.000000	17.430809	7411	0.000000
281474976710655.000000	16.167587	7412	0.000000
281474976710655.000000	16.626556	7413	0.000000
281474976710655.000000	16.606806	7414	0.000000
281474976710655.000000	16.486147	7415	0.000000
281474976710655.000000	16.435942	7416	0.000000
281474976710655.000000	16.083801	7417	0.000000
281474976710655.000000	16.136578	7418	0.000000
281474976710655.000000	16.805784	7419	0.000000
281474976710655.000000	16.381224	7420	0.000000
281474976710655.000000	16.216154	7421	0.000000
281474976710655.000000	16.649134	7422	0.000000
281474976710655.000000	16.627203	7423	0.000000
281474976710655.000000	16.567272	7424	0.000000
281474976710655.000000	15.737125	7425	0.000000
281474976710655.000000	16.326462	7426	0.000000
281474976710655.000000	16.310406	7427	0.000000
281474976710655.000000	15.911659	7428	0.000000
281474976710655.000000	16.358725	7429	0.000000
281474976710655.000000	16.320606	7430	0.000000
281474976710655.000000	16.406958	7431	0.000000
281474976710655.000000	16.761013	7432	0.000000
281474976710655.000000	15.904268	7433	0.000000
281474976710655.000000	15.823886	7434	0.000000
281474976710655.000000	16.280828	7435	0.000000
281474976710655.000000	16.139658	7436	0.000000
281474976710655.000000	16.251564	7437	0.000000
281474976710655.000000	16.564077	7438	0.000000
281474976710655.000000	16.816677	7439	0.000000
281474976710655.000000	15.984056	7440	0.000000
281474976710655.000000	15.928510	7441	0.000000
281474976710655.000000	15.915381	7442	0.000000
281474976710655.000000	15.362164	7443	0.000000
281474976710655.000000	15.981092	7444	0.000000
281474976710655.000000	16.572874	7445	0.000000
281474976710655.000000	16.049614	7446	0.000000
281474976710655.000000	15.750054	7447	0.000000
281474976710655.000000	16.480904	7448	0.000000
281474976710655.000000	15.712460	7449	0.000000
281474976710655.000000	15.550060	7450	0.000000
281474976710655.000000	16.479940	7451	0.000000
281474976710655.000000	15.474942	7452	0.000000
281474976710655.000000	16.055819	7453	0.000000
281474976710655.000000	15.568353	7454	0.000000
281474976710655.000000	15.896281	7455	0.000000
281474976710655.000000	15.687951	7456	0.000000
281474976710655.000000	15.513824	7457	0.000000
281474976710655.000000	16.611242	7458	0.000000
281474976710655.000000	16.222513	7459	0.000000
281474976710655.000000	15.766606	7460	0.000000
281474976710655.000000	15.323871	7461	0.000000
281474976710655.000000	15.793938	7462	0.000000
281474976710655.000000	15.500871	7463	0.000000
281474976710655.000000	15.047063	7464	0.000000
281474976710655.000000	15.366359	7465	0.000000
281474976710655.000000	14.895764	7466	0.000000
281474976710655.000000	15.807920	7467	0.000000
281474976710655.000000	15.288854	7468	0.000000
281474976710655.000000	15.589969	7469	0.000000
281474976710655.000000	15.549644	7470	0.000000
281474976710655.000000	15.644607	7471	0.000000
281474976710655.000000	15.055295	7472	0.000000
281474976710655.000000	14.931676	7473	0.000000
281474976710655.000000	15.207288	7474	0.000000
281474976710655.000000	15.313840	7475	0.000000
281474976710655.000000	14.337596	7476	0.000000
281474976710655.000000	15.093633	7477	0.000000
281474976710655.000000	15.282304	7478	0.000000
281474976710655.000000	14.613269	7479	0.000000
281474976710655.000000	14.937984	7480	0.000000
281474976710655.000000	15.132887	7481	0.000000
281474976710655.000000	15.254714	7482	0.000000
281474976710655.000000	15.314306	7483	0.000000
281474976710655.000000	14.469727	7484	0.000000
281474976710655.000000	15.029070	7485	0.000000
281474976710655.000000	14.861982	7486	0.000000
281474976710655.000000	14.973828	7487	0.000000
281474976710655.000000	14.840202	7488	0.000000
281474976710655.000000	14.642648	7489	0.000000
281474976710655.000000	15.385053	7490	0.000000
281474976710655.000000	15.189194	7491	0.000000
281474976710655.000000	14.834623	7492	0.000000
281474976710655.000000	14.801803	7493	0.000000
281474976710655.000000	14.965195	7494	0.000000
281474976710655.000000	14.802646	7495	0.000000
281474976710655.000000	14.743996	7496	0.000000
281474976710655.000000	14.713493	7497	0.000000
281474976710655.000000	14.905633	7498	0.000000
281474976710655.000000	14.986222	7499	0.000000
281474976710655.000000	14.516332	7500	0.000000
281474976710655.000000	15.261777	7501	0.000000
281474976710655.000000	14.915714	7502	0.000000
281474976710655.000000	14.399114	7503	0.000000
281474976710655.000000	14.670772	7504	0.000000
281474976710655.000000	15.063353	7505	0.000000
281474976710655.000000	14.666795	7506	0.000000
281474976710655.000000	15.101667	7507	0.000000
281474976710655.000000	14.670774	7508	0.000000
281474976710655.000000	14.597347	7509	0.000000
281474976710655.000000	14.539042	7510	0.000000
281474976710655.000000	14.432016	7511	0.000000
281474976710655.000000	14.247250	7512	0.000000
281474976710655.000000	14.510290	7513	0.000000
281474976710655.000000	14.481697	7514	0.000000
281474976710655.000000	14.262971	7515	0.000000
281474976710655.000000	14.996671	7516	0.000000
281474976710655.000000	14.536891	7517	0.000000
281474976710655.000000	14.581288	7518	0.000000
281474976710655.000000	14.492753	7519	0.000000
281474976710655.000000	14.523597	7520	0.000000
281474976710655.000000	13.754010	7521	0.000000
281474976710655.000000	14.188951	7522	0.000000
281474976710655.000000	14.071932	7523	0.000000
281474976710655.000000	14.112867	7524	0.000000
281474976710655.000000	13.912039	7525	0.000000
281474976710655.000000	14.047077	7526	0.000000
281474976710655.000000	14.389440	7527	0.000000
281474976710655.000000	14.024993	7528	0.000000
281474976710655.000000	14.026209	7529	0.000000
281474976710655.000000	14.279007	7530	0.000000
281474976710655.000000	13.931759	7531	0.000000
281474976710655.000000	14.390329	7532	0.000000
281474976710655.000000	13.731228	7533	0.000000
281474976710655.000000	14.048499	7534	0.000000
281474976710655.000000	13.573720	7535	0.000000
281474976710655.000000	13.900048	7536	0.000000
281474976710655.000000	13.870765	7537	0.000000
281474976710655.000000	13.873128	7538	0.000000
281474976710655.000000	14.204021	7539	0.000000
281474976710655.000000	14.231674	7540	0.000000
281474976710655.000000	13.862097	7541	0.000000
281474976710655.000000	14.036809	7542	0.000000
281474976710655.000000	14.008559	7543	0.000000
281474976710655.000000	14.321568	7544	0.000000
281474976710655.000000	14.043221	7545	0.000000
281474976710655.000000	14.031406	7546	0.000000
281474976710655.000000	14.007964	7547	0.000000
281474976710655.000000	13.506567	7548	0.000000
281474976710655.000000	13.299785	7549	0.000000
281474976710655.000000	14.547398	7550	0.000000
281474976710655.000000	14.029117	7551	0.000000
281474976710655.000000	13.689824	7552	0.000000
281474976710655.000000	13.933383	7553	0.000000
281474976710655.000000	13.834725	7554	0.000000
281474976710655.000000	13.551082	7555	0.000000
281474976710655.000000	13.416846	7556	0.000000
281474976710655.000000	13.481483	7557	0.000000
281474976710655.000000	13.389543	7558	0.000000
281474976710655.000000	12.924171	7559	0.000000
281474976710655.000000	13.256449	7560	0.000000
281474976710655.000000	13.589689	7561	0.000000
281474976710655.000000	13.167027	7562	0.000000
281474976710655.000000	13.097621	7563	0.000000
281474976710655.000000	13.705235	7564	0.000000
281474976710655.000000	13.462111	7565	0.000000
281474976710655.000000	13.820232	7566	0.000000
281474976710655.000000	13.241262	7567	0.000000
281474976710655.000000	13.594253	7568	0.000000
281474976710655.000000	13.389799	7569	0.000000
281474976710655.000000	13.093071	7570	0.000000
281474976710655.000000	13.697694	7571	0.000000
281474976710655.000000	13.550090	7572	0.000000
281474976710655.000000	12.983137	7573	0.000000
281474976710655.000000	12.920280	7574	0.000000
281474976710655.000000	13.268883	7575	0.000000
281474976710655.000000	13.376187	7576	0.000000
281474976710655.000000	13.358693	7577	0.000000
281474976710655.000000	13.218655	7578	0.000000
281474976710655.000000	12.998176	7579	0.000000
281474976710655.000000	13.016555	7580	0.000000
281474976710655.000000	13.012252	7581	0.000000
281474976710655.000000	12.452836	7582	0.000000
281474976710655.000000	13.419655	7583	0.000000
281474976710655.000000	12.907338	7584	0.000000
281474976710655.000000	12.850142	7585	0.000000
281474976710655.000000	13.427253	7586	0.000000
281474976710655.000000	13.560059	7587	0.000000
281474976710655.000000	13.273001	7588	0.000000
281474976710655.000000	12.974808	7589	0.000000
281474976710655.000000	13.054512	7590	0.000000
281474976710655.000000	13.098096	7591	0.000000
281474976710655.000000	13.220176	7592	0.000000
281474976710655.000000	13.079502	7593	0.000000
281474976710655.000000	12.883829	7594	0.000000
281474976710655.000000	12.288292	7595	0.000000
281474976710655.000000	12.924424	7596	0.000000
281474976710655.000000	13.084608	7597	0.000000
281474976710655.000000	12.846389	7598	0.000000
281474976710655.000000	12.701250	7599	0.000000
281474976710655.000000	12.864297	7600	0.000000
281474976710655.000000	12.768997	7601	0.000000
281474976710655.000000	12.504669	7602	0.000000
281474976710655.000000	12.820120	7603	0.000000
281474976710655.000000	12.871520	7604	0.000000
281474976710655.000000	12.588128	7605	0.000000
281474976710655.000000	12.353581	7606	0.000000
281474976710655.000000	12.424937	7607	0.000000
281474976710655.000000	12.178128	7608	0.000000
281474976710655.000000	12.569535	7609	0.000000
281474976710655.000000	12.940687	7610	0.000000
281474976710655.000000	12.521892	7611	0.000000
281474976710655.000000	12.905205	7612	0.000000
281474976710655.000000	12.480419	7613	0.000000
281474976710655.000000	12.544535	7614	0.000000
281474976710655.000000	12.670934	7615	0.000000
281474976710655.000000	12.488498	7616	0.000000
281474976710655.000000	12.629400	7617	0.000000
281474976710655.000000	12.080951	7618	0.000000
281474976710655.000000	12.174134	7619	0.000000
281474976710655.000000	12.551190	7620	0.000000
281474976710655.000000	12.433392	7621	0.000000
281474976710655.000000	12.234963	7622	0.000000
281474976710655.000000	12.256552	7623	0.000000
281474976710655.000000	12.149057	7624	0.000000
281474976710655.000000	12.265096	7625	0.000000
281474976710655.000000	12.289787	7626	0.000000
281474976710655.000000	12.276632	7627	0.000000
281474976710655.000000	12.466886	7628	0.000000
281474976710655.000000	11.896873	7629	0.000000
281474976710655.000000	11.690592	7630	0.000000
281474976710655.000000	11.984070	7631	0.000000
281474976710655.000000	12.490461	7632	0.000000
281474976710655.000000	12.184178	7633	0.000000
281474976710655.000000	12.389844	7634	0.000000
281474976710655.000000	12.027931	7635	0.000000
281474976710655.000000	11.949553	7636	0.000000
281474976710655.000000	12.162523	7637	0.000000
281474976710655.000000	12.040832	7638	0.000000
281474976710655.000000	11.740472	7639	0.000000
281474976710655.000000	12.020447	7640	0.000000
281474976710655.000000	12.038434	7641	0.000000
281474976710655.000000	11.983653	7642	0.000000
281474976710655.000000	11.927711	7643	0.000000
281474976710655.000000	11.626679	7644	0.000000
281474976710655.000000	11.692343	7645	0.000000
281474976710655.000000	11.370567	7646	0.000000
281474976710655.000000	11.769425	7647	0.000000
281474976710655.000000	12.040247	7648	0.000000
281474976710655.000000	11.413129	7649	0.000000
281474976710655.000000	11.658479	7650	0.000000
281474976710655.000000	11.539872	7651	0.000000
281474976710655.000000	12.039836	7652	0.000000
281474976710655.000000	11.947017	7653	0.000000
281474976710655.000000	11.641377	7654	0.000000
281474976710655.000000	12.001040	7655	0.000000
281474976710655.000000	11.954132	7656	0.000000
281474976710655.000000	11.801368	7657	0.000000
281474976710655.000000	11.651505	7658	0.000000
281474976710655.000000	11.803713	7659	0.000000
281474976710655.000000	11.548011	7660	0.000000
281474976710655.000000	11.801874	7661	0.000000
281474976710655.000000	11.606206	7662	0.000000
281474976710655.000000	11.780414	7663	0.000000
281474976710655.000000	11.285559	7664	0.000000
281474976710655.000000	11.767014	7665	0.000000
281474976710655.000000	11.503455	7666	0.000000
281474976710655.000000	11.598012	7667	0.000000
281474976710655.000000	11.236323	7668	0.000000
281474976710655.000000	11.418152	7669	0.000000
281474976710655.000000	11.722722	7670	0.000000
281474976710655.000000	11.354144	7671	0.000000
281474976710655.000000	11.496579	7672	0.000000
281474976710655.000000	11.788681	7673	0.000000
281474976710655.000000	11.901586	7674	0.000000
281474976710655.000000	11.405881	7675	0.000000
281474976710655.000000	11.652333	7676	0.000000
281474976710655.000000	11.387036	7677	0.000000
281474976710655.000000	11.312996	7678	0.000000
281474976710655.000000	11.327888	7679	0.000000
281474976710655.000000	11.099206	7680	0.000000
281474976710655.000000	11.526239	7681	0.000000
281474976710655.000000	11.344020	7682	0.000000
281474976710655.000000	11.262311	7683	0.000000
281474976710655.000000	11.220674	7684	0.000000
281474976710655.000000	11.308564	7685	0.000000
281474976710655.000000	11.193858	7686	0.000000
281474976710655.000000	11.323682	7687	0.000000
281474976710655.000000	11.124944	7688	0.000000
281474976710655.000000	11.388990	7689	0.000000
281474976710655.000000	11.087568	7690	0.000000
281474976710655.000000	10.901948	7691	0.000000
281474976710655.000000	11.202250	7692	0.000000
281474976710655.000000	11.051854	7693	0.000000
281474976710655.000000	11.060435	7694	0.000000
281474976710655.000000	10.919145	7695	0.000000
281474976710655.000000	10.961565	7696	0.000000
281474976710655.000000	11.077734	7697	0.000000
281474976710655.000000	11.297603	7698	0.000000
281474976710655.000000	11.128060	7699	0.000000
281474976710655.000000	11.590157	7700	0.000000
281474976710655.000000	10.957176	7701	0.000000
281474976710655.000000	11.043054	7702	0.000000
281474976710655.000000	11.070413	7703	0.000000
281474976710655.000000	10.588371	7704	0.000000
281474976710655.000000	10.854793	7705	0.000000
281474976710655.000000	11.008921	7706	0.000000
281474976710655.000000	10.852494	7707	0.000000
281474976710655.000000	10.957149	7708	0.000000
281474976710655.000000	10.869409	7709	0.000000
281474976710655.000000	10.898380	7710	0.000000
281474976710655.000000	11.017082	7711	0.000000
281474976710655.000000	10.727327	7712	0.000000
281474976710655.000000	10.890065	7713	0.000000
281474976710655.000000	10.965044	7714	0.000000
