num crossings	time (s)	maj axis (mm)	min axis (mm)	theta (rad )	slope (V/s)
3669	4108.427071	119.648360	-1.480156	1.168517	54.260099
3671	4110.486248	118.857807	-1.602075	1.169671	54.169409
3673	4112.545027	119.066286	-1.530033	1.168587	52.782726
3675	4114.603663	119.051468	-1.494402	1.169082	55.956835
3677	4116.662933	121.239659	0.114992	1.172747	52.651422
3679	4118.721532	121.040389	0.116176	1.172813	56.013488
3681	4120.780244	120.450896	0.072712	1.173326	53.289537
3683	4122.838528	120.367469	0.059445	1.173484	53.677590
3685	4124.896879	118.140583	-1.704602	1.168096	53.608811
3687	4126.954742	120.035178	0.047327	1.173171	53.161056
3689	4129.012945	119.967504	-0.092235	1.173912	54.335772
3691	4131.071095	117.817362	-1.667057	1.168680	53.253115
3693	4133.129126	118.350804	-1.716490	1.165829	53.951258
3695	4135.187628	117.637157	-1.713990	1.167016	54.547003
3697	4137.245931	121.621792	0.101200	1.166165	54.360296
3699	4139.304570	116.478027	-1.798760	1.166287	53.970965
3701	4141.363095	117.387083	-1.640524	1.165451	52.452318
3703	4143.421560	116.873209	-1.697814	1.165196	53.550643
3705	4145.480345	116.859309	-1.719243	1.165667	52.185919
3707	4147.539042	117.175626	-1.629129	1.166244	51.191553
3709	4149.597410	117.127337	-1.573524	1.166550	52.207363
3711	4151.656454	116.475764	-1.638992	1.165971	50.473733
3713	4153.715397	116.172375	-1.600398	1.165869	52.933826
3715	4155.774319	117.674482	-0.098443	1.170774	50.567090
3717	4157.833510	117.534444	-0.237936	1.171677	51.268057
3719	4159.892333	119.601286	-0.041015	1.168627	51.402281
3721	4161.950955	117.186985	-0.166698	1.170856	51.461544
3723	4164.010077	117.213774	-0.173438	1.170121	52.176175
3725	4166.068704	116.622663	-0.222504	1.169439	50.080346
3727	4168.126851	117.349090	-0.110716	1.169152	52.747370
3729	4170.185500	116.669019	-0.145007	1.169119	49.285716
3731	4172.243826	116.930256	-0.152978	1.168067	49.792174
3733	4174.302076	115.291056	-1.663516	1.165854	51.040439
3735	4176.360396	116.212660	-0.139359	1.167954	51.521223
3737	4178.418767	116.513607	-0.131063	1.167799	49.283372
3739	4180.476972	116.031380	-0.165598	1.166973	49.389941
3741	4182.535649	113.760838	-1.808564	1.162758	50.142833
3743	4184.594103	114.115374	-1.714346	1.164710	49.723562
3745	4186.653039	112.937139	-1.978406	1.164468	48.528012
3747	4188.711217	115.481692	-0.313684	1.166215	51.285173
3749	4190.770099	113.601773	-1.698107	1.164078	49.443065
3751	4192.829028	115.821881	-0.175679	1.167268	48.071618
3753	4194.887433	114.546333	-0.296172	1.168216	49.290630
3755	4196.946099	113.198660	-1.964364	1.163679	47.618711
3757	4199.004259	112.806322	-1.950968	1.164059	49.142144
3759	4201.062491	113.017281	-1.987736	1.163569	49.770314
3761	4203.120912	114.750041	-0.175148	1.167934	48.819414
3763	4205.178699	114.403075	-0.190918	1.168227	48.816957
3765	4207.236829	114.532886	-0.213273	1.168779	48.107030
3767	4209.295225	114.011457	-0.253314	1.168660	47.970284
3769	4211.353144	111.847475	-1.900604	1.163050	48.761265
3771	4213.410926	112.260149	-1.930398	1.162036	48.547029
3773	4215.469020	111.967843	-1.915060	1.161507	48.324239
3775	4217.527450	114.811564	-0.118110	1.165000	47.876593
3777	4219.585719	111.805839	-1.767920	1.161355	48.041123
3779	4221.643592	111.595117	-1.820777	1.161012	48.239080
3781	4223.702323	111.366648	-1.820387	1.160610	47.498720
3783	4225.760803	111.362266	-1.840364	1.161422	46.967126
3785	4227.819807	113.466045	-0.160640	1.165140	47.271921
3787	4229.878494	112.775026	-0.203757	1.165838	47.006938
3789	4231.936809	109.736724	-1.932948	1.159487	46.481362
3791	4233.995658	112.285444	-0.351072	1.166459	46.692229
3793	4236.053896	112.527124	-0.249425	1.165564	46.679185
3795	4238.113057	113.850787	-0.143781	1.162379	46.210467
3797	4240.171682	111.575959	-0.253180	1.164432	47.894168
3799	4242.230197	111.754611	-0.244375	1.164294	47.124953
3801	4244.288855	111.380717	-0.301431	1.164127	45.986750
3803	4246.347341	109.652499	-1.720555	1.159642	45.965815
3805	4248.405836	109.847858	-1.728641	1.159823	46.213409
3807	4250.463842	111.218764	-0.285609	1.163266	45.873600
3809	4252.522279	109.503836	-1.679425	1.159500	45.654121
3811	4254.580797	110.505086	-0.244892	1.161407	45.384336
3813	4256.638515	108.329311	-1.845033	1.158609	46.469770
3815	4258.696833	110.391044	-0.285275	1.161545	44.219943
3817	4260.755130	108.907515	-1.810539	1.160477	44.977537
3819	4262.813430	110.377296	-0.228254	1.161409	45.157082
3821	4264.871681	110.594785	-0.166320	1.161356	45.450033
3823	4266.929982	109.657194	-0.288821	1.160893	44.414092
3825	4268.988796	109.659564	-0.287260	1.161646	44.589944
3827	4271.047112	107.945447	-1.885809	1.157630	44.254699
3829	4273.105252	109.370404	-0.234708	1.161272	45.450487
3831	4275.163799	110.419225	-0.121996	1.161422	44.281850
3833	4277.222175	109.217371	-0.205787	1.160907	45.283617
3835	4279.280530	109.461354	-0.185087	1.162337	43.131636
3837	4281.338123	109.258141	-0.216820	1.162745	45.567005
3839	4283.395946	109.282681	-0.127841	1.160975	43.203015
3841	4285.454210	106.354751	-1.859610	1.157031	43.649987
3843	4287.511745	108.128538	-0.276074	1.162525	43.742197
3845	4289.569662	108.914664	-0.117404	1.161104	44.644906
3847	4291.627576	108.758650	-0.197253	1.162272	41.828637
3849	4293.685587	108.193810	-0.197543	1.161008	44.039476
3851	4295.743574	108.929317	-0.106515	1.159994	42.179582
3853	4297.801846	108.763810	-0.379317	1.165035	42.270052
3855	4299.860269	106.353413	-1.611588	1.155966	43.770428
3857	4301.918332	109.335222	-0.047178	1.156617	42.112719
3859	4303.976614	108.115957	-0.119249	1.160270	44.069098
3861	4306.034963	107.485594	-0.253645	1.160711	41.954527
3863	4308.093452	107.711351	-0.153491	1.160566	42.775077
3865	4310.151297	107.477504	-0.182246	1.162107	43.602938
3867	4312.209993	108.000868	-0.045811	1.157818	42.500755
3869	4314.268662	107.537198	-0.058466	1.159288	41.196750
3871	4316.327041	107.236358	-0.071330	1.159024	42.428796
3873	4318.385612	106.592248	-0.131272	1.159276	41.813689
3875	4320.444245	106.469184	-0.122011	1.158953	42.118672
3877	4322.502733	106.019949	-0.208625	1.158629	41.533512
3879	4324.561119	106.259061	-0.219368	1.159438	41.207703
3881	4326.619203	106.242905	-0.086215	1.157779	41.632141
3883	4328.677425	105.816780	-0.050128	1.156892	41.336378
3885	4330.736030	105.667614	-0.050868	1.156841	41.558188
3887	4332.794029	106.240338	-0.040659	1.157244	40.125797
3889	4334.851701	104.025444	-1.510327	1.153640	42.126957
3891	4336.910504	105.764504	-0.063082	1.156674	40.865873
3893	4338.968563	105.785900	-0.023002	1.156216	41.786427
3895	4341.026921	105.447855	-0.110387	1.156689	41.207576
3897	4343.084900	105.307975	-0.031071	1.155962	40.920153
3899	4345.142884	104.626187	-0.168968	1.156947	41.990785
3901	4347.201229	104.763838	-0.074314	1.156957	39.685383
3903	4349.259300	104.508923	-0.006305	1.155996	41.286463
3905	4351.317462	104.399983	-0.051561	1.156663	41.316472
3907	4353.375712	104.548897	0.036329	1.156009	40.516936
3909	4355.434070	103.656444	-0.089070	1.157365	39.411684
3911	4357.491385	104.836823	0.041931	1.156050	39.817531
3913	4359.550038	104.327095	0.009140	1.157687	40.264416
3915	4361.608056	103.993847	0.059804	1.156204	40.139745
3917	4363.665246	103.647584	0.010465	1.157134	40.566722
3919	4365.723287	104.084301	0.126624	1.155111	40.501864
3921	4367.781600	103.353930	0.039904	1.156728	40.047096
3923	4369.839272	103.422530	0.056620	1.157590	38.883290
3925	4371.897077	103.683370	0.084910	1.157522	39.527214
3927	4373.954626	103.104408	0.006284	1.158194	39.871678
3929	4376.012514	101.615226	-1.476350	1.152678	39.493656
3931	4378.070696	101.130317	-1.487467	1.152272	38.412134
3933	4380.128762	100.991073	-1.495175	1.150795	39.166325
3935	4382.186220	101.540982	-1.335223	1.150989	38.402207
3937	4384.244960	101.236482	-1.372405	1.151516	39.560877
3939	4386.303043	101.217752	-1.293342	1.151421	38.554744
3941	4388.361255	103.291199	0.235655	1.153938	39.450654
3943	4390.419425	102.417211	0.210833	1.155087	39.523983
3945	4392.477708	102.129633	0.209416	1.155782	38.732596
3947	4394.535503	102.123261	0.206329	1.155711	37.986472
3949	4396.594614	102.550688	0.261030	1.153001	38.317012
3951	4398.652565	102.272496	0.231431	1.155063	39.065587
3953	4400.711241	101.540984	0.217992	1.154461	37.052417
3955	4402.769105	102.565882	0.263177	1.154610	38.469174
3957	4404.827835	98.938776	-1.528116	1.149903	36.921372
3959	4406.885547	99.740036	-1.390432	1.150720	38.696121
3961	4408.944182	99.435934	-1.343655	1.150911	38.234948
3963	4411.001890	99.727045	-1.349242	1.150885	36.779114
3965	4413.059672	99.405998	-1.288948	1.149543	37.767091
3967	4415.118336	99.873540	0.159924	1.153906	37.068553
3969	4417.176044	100.884504	0.310226	1.153548	37.095408
3971	4419.234428	100.490667	0.285854	1.153970	37.166946
3973	4421.292459	100.502333	0.308586	1.153362	37.990811
3975	4423.350522	100.155337	0.235981	1.154095	36.491304
3977	4425.408131	100.060036	0.270700	1.153828	37.535506
3979	4427.466225	100.096885	0.310540	1.153384	36.966214
3981	4429.524170	99.950414	0.355869	1.152760	35.798479
3983	4431.582185	99.873803	0.359019	1.153485	37.334749
3985	4433.640612	99.216989	0.150945	1.155371	36.359067
3987	4435.698061	99.197605	0.297354	1.154372	36.238894
3989	4437.756079	99.675646	0.414689	1.152719	35.696361
3991	4439.813684	99.519028	0.431951	1.153225	35.882613
3993	4441.871609	99.308444	0.359749	1.154684	35.862705
3995	4443.929452	98.163810	0.296150	1.155466	36.148398
3997	4445.987391	98.776880	0.399294	1.154576	37.294875
3999	4448.044558	98.660467	0.396146	1.154055	35.611088
4001	4450.102438	98.901097	0.462076	1.154431	36.458473
4003	4452.160762	98.486045	0.465788	1.153581	37.074863
4005	4454.217698	99.564434	0.507995	1.151597	35.809811
4007	4456.276125	96.837322	-1.006002	1.149752	34.534405
4009	4458.334091	96.689163	-0.846864	1.151028	35.104220
4011	4460.391108	99.483852	0.637330	1.152785	35.472237
4013	4462.449472	98.066073	0.460925	1.155042	36.305698
4015	4464.507113	98.145222	0.508249	1.154303	34.589527
4017	4466.565676	97.841765	0.456412	1.154865	35.826221
4019	4468.623681	97.987345	0.544857	1.153625	34.371943
4021	4470.682147	97.866979	0.526852	1.154600	34.831284
4023	4472.739970	97.757659	0.553263	1.154027	34.897145
4025	4474.798001	97.631556	0.532212	1.154513	34.913618
4027	4476.856322	97.331763	0.569360	1.153796	34.646474
4029	4478.914532	97.048482	0.514854	1.154657	35.822610
4031	4480.972750	96.572149	0.513160	1.154122	33.414644
4033	4483.031112	96.782334	0.570045	1.154239	34.749245
4035	4485.088997	96.938806	0.627886	1.152646	33.936793
4037	4487.146706	96.367908	0.525744	1.154680	34.538814
4039	4489.204713	96.530655	0.617501	1.153611	33.850823
4041	4491.262870	96.787570	0.683140	1.152434	33.449885
4043	4493.320445	95.179878	0.478978	1.151961	34.671921
4045	4495.378894	96.143280	0.659099	1.153207	33.497616
4047	4497.436808	95.963312	0.675997	1.153176	34.413996
4049	4499.494858	95.638908	0.640484	1.153148	33.658253
4051	4501.552648	96.109759	0.670461	1.153494	34.279406
4053	4503.610144	95.657017	0.736747	1.152629	33.592399
4055	4505.668168	93.191963	-0.923383	1.149958	33.528655
4057	4507.725975	93.039640	-0.882599	1.149334	33.658835
4059	4509.783630	93.809929	-0.631749	1.151579	33.281919
4061	4511.841277	95.317464	0.764198	1.153177	33.244648
4063	4513.899313	95.224141	0.791365	1.153182	33.348317
4065	4515.957229	95.398802	0.776378	1.154791	34.051733
4067	4518.014540	95.722054	0.843250	1.151613	33.347063
4069	4520.071849	94.440652	0.771901	1.153842	34.695328
4071	4522.130164	94.447144	0.791632	1.154660	33.585150
4073	4524.187607	94.552747	0.805112	1.154798	32.801023
4075	4526.245530	94.250939	0.810535	1.154954	32.802973
4077	4528.303304	94.249855	0.827732	1.154938	32.832159
4079	4530.360060	93.666094	0.854042	1.154314	32.545739
4081	4532.418483	93.490711	0.765909	1.155295	32.150064
4083	4534.476188	94.184255	0.885664	1.154997	31.745597
4085	4536.533467	93.975499	0.931223	1.154410	31.431177
4087	4538.591460	93.975884	0.908568	1.155573	32.285810
4089	4540.649723	93.509983	0.903550	1.155318	32.519815
4091	4542.707151	93.743598	0.950833	1.154554	32.665521
4093	4544.765315	93.366106	0.935782	1.154660	32.009186
4095	4546.823021	93.124636	0.904222	1.155585	31.795022
4097	4548.881329	93.385545	0.968528	1.154766	32.285821
4099	4550.939372	93.248829	0.982288	1.154843	31.881336
4101	4552.997323	92.983335	0.937138	1.155472	31.590742
4103	4555.055216	92.983863	0.998854	1.154723	32.176354
4105	4557.113403	92.384327	0.881105	1.155806	30.909634
4107	4559.171260	92.630187	1.007086	1.154324	30.493777
4109	4561.229395	92.701526	1.046023	1.154648	31.368309
4111	4563.287336	92.524898	1.028842	1.155583	30.707084
4113	4565.345324	92.274370	1.047123	1.154392	31.204358
4115	4567.403248	91.716843	0.890833	1.156283	31.863322
4117	4569.461579	91.723961	0.942284	1.156480	31.802474
4119	4571.518690	92.902024	1.153921	1.152737	31.677512
4121	4573.576659	91.932233	1.104987	1.155149	31.757570
4123	4575.634677	91.390938	1.058491	1.155561	31.203879
4125	4577.692283	91.408112	1.089238	1.155188	30.840339
4127	4579.749800	91.447777	1.119379	1.155264	31.262638
4129	4581.807848	91.602836	1.132625	1.155174	31.166066
4131	4583.865616	91.267215	1.127661	1.155840	30.734033
4133	4585.923258	90.652801	1.078471	1.155834	31.882144
4135	4587.981063	90.998701	1.177289	1.156174	30.446794
4137	4590.039178	90.379803	1.115996	1.157226	31.043125
4139	4592.096597	91.605969	1.239749	1.155287	30.320439
4141	4594.154171	90.855479	1.227688	1.155911	29.879545
4143	4596.211704	90.499301	1.244114	1.156159	31.642780
4145	4598.269014	90.797554	1.280613	1.156778	29.753241
4147	4600.326432	90.431208	1.230144	1.158021	29.837386
4149	4602.384260	90.124322	1.263691	1.157963	30.017945
4151	4604.442013	90.169142	1.299096	1.157754	29.830934
4153	4606.499708	90.371277	1.342997	1.157270	29.659110
4155	4608.556848	90.226722	1.323957	1.158402	29.482150
4157	4610.614672	90.281875	1.369075	1.157908	29.523515
4159	4612.672444	90.021623	1.351753	1.158357	28.822981
4161	4614.729608	89.553911	1.346286	1.158173	29.445916
4163	4616.787553	89.671754	1.391995	1.158693	29.444059
4165	4618.845054	89.670694	1.366502	1.159191	29.818092
4167	4620.903107	89.951326	1.437739	1.155711	29.260571
4169	4622.961059	87.819269	0.023880	1.155482	29.084685
4171	4625.018863	89.208653	1.399150	1.159489	28.929289
4173	4627.076086	88.825892	1.418740	1.158321	29.215782
4175	4629.134684	89.018541	1.420279	1.159224	29.082234
4177	4631.191935	89.199407	1.446378	1.158652	29.788030
4179	4633.250627	88.834555	1.443799	1.159156	29.443729
4181	4635.307785	88.717659	1.444884	1.159923	28.765927
4183	4637.366200	88.830403	1.515665	1.157983	29.071380
4185	4639.423041	88.134384	1.453915	1.159917	28.817271
4187	4641.481969	88.220620	1.488360	1.159880	28.597042
4189	4643.539269	88.438779	1.518204	1.159281	29.143638
4191	4645.596796	87.961560	1.458709	1.160555	27.923567
4193	4647.654749	87.822368	1.504897	1.159711	29.770344
4195	4649.712495	88.548967	1.594641	1.158452	28.500712
4197	4651.769942	87.803664	1.588103	1.159303	28.199363
4199	4653.828121	86.972999	1.468602	1.161340	28.685684
4201	4655.885713	87.454301	1.580364	1.161019	28.600600
4203	4657.943301	87.154202	1.550847	1.161645	28.276221
4205	4660.001253	87.479702	1.638272	1.160982	28.084868
4207	4662.058385	87.792700	1.688206	1.159749	28.445360
4209	4664.116651	86.994955	1.569153	1.162795	27.419253
4211	4666.173992	87.106399	1.682420	1.160996	28.945516
4213	4668.230854	87.062990	1.676620	1.161752	27.797610
4215	4670.288544	86.956274	1.724093	1.161270	27.966794
4217	4672.346173	87.478348	1.732156	1.160716	27.394149
4219	4674.404045	85.185010	0.381296	1.161533	27.469203
4221	4676.461191	86.547809	1.728600	1.162988	28.120962
4223	4678.518626	86.456790	1.770981	1.162416	27.057119
4225	4680.576108	86.465829	1.799362	1.163204	26.989318
4227	4682.633802	85.647405	1.742308	1.163956	27.024736
4229	4684.690723	86.511284	1.806580	1.163474	27.188737
4231	4686.748321	86.005473	1.816967	1.163313	26.557202
4233	4688.806200	83.980064	0.343657	1.160079	27.420643
4235	4690.863658	85.898747	1.837435	1.163954	27.887975
4237	4692.921494	85.819266	1.823966	1.164957	27.362214
4239	4694.979216	86.296613	1.885973	1.161822	27.121910
4241	4697.036424	85.745786	1.880582	1.164767	27.222110
4243	4699.094478	85.530744	1.886951	1.165025	26.397200
4245	4701.152200	84.763261	1.811238	1.166308	26.320805
4247	4703.209548	84.803387	1.878644	1.165908	25.896990
4249	4705.267894	85.252758	1.928883	1.165093	26.371320
4251	4707.325370	85.348270	1.912139	1.165826	25.929672
4253	4709.383588	85.223529	1.917996	1.165549	26.631578
4255	4711.440652	84.424908	1.794703	1.169089	26.430771
4257	4713.498426	85.129309	1.944003	1.164767	26.898483
4259	4715.555675	83.336132	0.482162	1.164422	25.695742
4261	4717.614358	84.532765	1.915037	1.167338	26.073246
4263	4719.672027	84.306136	1.917012	1.167780	25.385815
4265	4721.730061	84.545062	1.996493	1.166399	26.511153
4267	4723.787600	84.399923	1.994459	1.167302	25.723834
4269	4725.845010	84.213785	1.982764	1.167497	26.090329
4271	4727.903050	84.068364	2.008496	1.167966	25.565584
4273	4729.959813	83.305703	1.951582	1.168558	25.367792
4275	4732.017243	83.761572	2.016507	1.168651	25.325665
4277	4734.075302	83.716218	2.006263	1.169680	26.221646
4279	4736.133282	83.585902	2.051732	1.168761	26.143069
4281	4738.190136	83.497003	2.057107	1.169335	26.102138
4283	4740.247418	83.328665	2.055621	1.170614	25.335691
4285	4742.305124	83.229016	2.094407	1.169301	24.826335
4287	4744.362642	83.596328	2.130748	1.170298	25.440518
4289	4746.420028	83.062030	2.125036	1.170400	25.306607
4291	4748.477654	83.230598	2.161921	1.169721	25.610639
4293	4750.534652	83.076990	2.165702	1.170597	24.103710
4295	4752.592193	82.970854	2.182646	1.171014	25.468987
4297	4754.649374	82.729077	2.156937	1.171885	24.559568
4299	4756.706877	82.833372	2.220446	1.171164	24.990144
4301	4758.764751	82.775834	2.225209	1.172243	24.523452
4303	4760.822147	82.901152	2.257847	1.170787	24.651510
4305	4762.879168	80.498637	0.849127	1.168637	24.908094
4307	4764.936950	82.307229	2.228350	1.172887	24.791280
4309	4766.994830	81.877172	2.183293	1.174266	24.951757
4311	4769.052143	82.213122	2.278852	1.171774	25.406644
4313	4771.109761	80.543843	1.006706	1.170478	24.782641
4315	4773.167025	82.097795	2.295835	1.172927	24.731436
4317	4775.224515	81.839484	2.296464	1.174451	24.775619
4319	4777.282439	81.826748	2.326232	1.172955	24.143879
4321	4779.340339	81.533294	2.298417	1.175316	24.117617
4323	4781.398939	81.607001	2.319162	1.175329	23.702798
4325	4783.454672	80.888352	2.303064	1.174411	24.782196
4327	4785.512836	81.327996	2.307266	1.176088	24.714922
4329	4787.570657	81.199886	2.371480	1.173962	24.264454
4331	4789.628363	81.180523	2.374820	1.174966	24.016632
4333	4791.685644	81.045304	2.373115	1.175521	24.182307
4335	4793.743835	80.715152	2.369035	1.175680	24.284946
4337	4795.800662	80.674614	2.399169	1.175931	23.925483
4339	4797.858765	80.832496	2.379479	1.177863	23.998040
4341	4799.916512	80.589905	2.431411	1.176545	24.223479
4343	4801.974050	80.034428	2.357819	1.178189	23.604952
4345	4804.031392	80.615571	2.473880	1.176054	23.784028
4347	4806.088910	80.260013	2.434394	1.177750	24.470864
4349	4808.146772	80.197867	2.484413	1.177628	23.524996
4351	4810.203927	79.468322	2.414583	1.178022	23.943071
4353	4812.261298	80.578796	2.544164	1.175771	23.452680
4355	4814.318435	78.469524	1.139713	1.176773	23.658554
4357	4816.376206	79.948144	2.543311	1.179146	23.404269
4359	4818.433611	79.847711	2.576527	1.178805	22.932925
4361	4820.491420	79.409947	2.507985	1.181715	23.938332
4363	4822.548550	79.556673	2.544953	1.181206	23.019371
4365	4824.605868	79.733417	2.613730	1.179034	23.786015
4367	4826.663189	79.520371	2.622333	1.180649	22.917155
4369	4828.721435	77.419098	1.289196	1.176368	23.436171
4371	4830.778224	77.875695	1.384407	1.178827	23.475513
4373	4832.834419	79.183530	2.676186	1.182105	22.475456
4375	4834.892116	79.200451	2.669366	1.182959	22.920498
4377	4836.950325	78.996186	2.719226	1.181532	23.043914
4379	4839.007779	78.867417	2.700471	1.184289	23.681367
4381	4841.064806	78.840815	2.743160	1.183008	22.701944
4383	4843.121861	78.691117	2.747819	1.183491	22.720665
4385	4845.180283	78.762489	2.754339	1.184561	23.047513
4387	4847.237036	78.523153	2.765285	1.184796	22.625683
4389	4849.294877	78.769388	2.793461	1.183619	22.503502
4391	4851.352084	76.932065	1.515562	1.181838	22.715474
4393	4853.410090	78.292806	2.834199	1.185725	22.905267
4395	4855.466801	78.040621	2.807130	1.186294	22.582912
4397	4857.524941	78.008167	2.852407	1.185435	22.297877
4399	4859.582269	77.886455	2.850688	1.186738	22.130341
4401	4861.640141	77.841133	2.854521	1.187246	22.646643
4403	4863.697534	77.351242	2.822207	1.188483	22.459313
4405	4865.755349	77.490753	2.890347	1.186896	22.031448
4407	4867.812766	77.597852	2.896693	1.188013	21.805737
4409	4869.870423	77.469243	2.875819	1.189280	22.192434
4411	4871.927485	77.389140	2.934966	1.187894	22.381344
4413	4873.985600	77.180877	2.856720	1.191090	22.372793
4415	4876.042639	76.745604	2.937350	1.188071	21.647350
4417	4878.100255	77.123022	2.931630	1.191422	21.295182
4419	4880.157849	76.953755	2.975130	1.189652	21.819734
4421	4882.214624	76.959626	2.991405	1.190170	22.137252
4423	4884.272236	76.738540	3.006580	1.191418	22.212077
4425	4886.328778	76.663274	3.024056	1.191147	22.051602
4427	4888.386915	76.229689	3.007210	1.191999	21.524979
4429	4890.443867	76.241393	3.068537	1.190805	21.294339
4431	4892.501783	76.478821	3.078382	1.191766	21.682500
4433	4894.558250	76.369413	3.084591	1.192631	21.645993
4435	4896.615709	76.257433	3.085941	1.193556	20.903120
4437	4898.674179	75.804260	3.100361	1.193467	20.779570
4439	4900.730707	76.587689	3.142805	1.192226	21.387739
4441	4902.788302	75.221790	3.087875	1.194153	21.670506
4443	4904.846328	75.914089	3.140531	1.194889	21.378714
4445	4906.902961	76.052581	3.169227	1.194473	21.555904
4447	4908.959103	75.865392	3.175428	1.195813	21.247911
4449	4911.017087	75.797283	3.202677	1.194883	20.821093
4451	4913.074530	75.510051	3.214072	1.196376	21.250234
4453	4915.131938	75.382499	3.216940	1.197687	21.059262
4455	4917.188816	75.529545	3.257347	1.196260	21.023742
4457	4919.246853	73.786760	1.890458	1.193664	20.945130
4459	4921.304444	74.874128	3.263549	1.197110	20.841783
4461	4923.362273	75.184169	3.296395	1.197344	21.380709
4463	4925.419039	75.182296	3.303937	1.198790	20.609972
4465	4927.476344	74.884823	3.286685	1.199434	21.169228
4467	4929.534853	74.927442	3.336078	1.198273	21.005681
4469	4931.591453	75.009569	3.334032	1.199941	21.008520
4471	4933.648944	74.730255	3.344235	1.200644	20.069262
4473	4935.706369	74.627720	3.386368	1.199839	20.552085
4475	4937.764348	74.324331	3.328584	1.203519	20.278760
4477	4939.821471	74.568554	3.403301	1.200620	20.424647
4479	4941.878699	74.373194	3.423659	1.201625	20.779454
4481	4943.936195	74.254188	3.427738	1.202141	20.158563
4483	4945.994022	74.268956	3.430764	1.201910	20.428096
4485	4948.051651	73.871189	3.431267	1.203611	20.197673
4487	4950.109069	74.082876	3.471083	1.203066	19.747267
4489	4952.165149	73.834628	3.484689	1.202980	19.870600
4491	4954.222857	71.946888	2.207198	1.199782	20.313257
4493	4956.281280	73.672752	3.513997	1.204541	20.236371
4495	4958.338124	73.801508	3.529578	1.205147	19.935182
4497	4960.395160	73.745129	3.543294	1.205282	19.902689
4499	4962.452207	71.867100	2.343617	1.204555	20.152151
4501	4964.509806	73.476756	3.577889	1.206563	19.718471
4503	4966.566872	73.280747	3.591472	1.207015	20.217146
4505	4968.624027	73.166019	3.590979	1.208233	19.920604
4507	4970.681989	73.087028	3.631732	1.207484	20.434457
4509	4972.738852	73.095316	3.640467	1.208261	20.335985
4511	4974.795807	72.959965	3.625052	1.209519	19.530373
4513	4976.853031	72.934740	3.654260	1.210347	19.560243
4515	4978.909830	72.888562	3.688401	1.209657	19.592828
4517	4980.967668	72.494882	3.681897	1.210345	19.603767
4519	4983.024462	72.965566	3.703879	1.208891	19.079793
4521	4985.083034	72.543629	3.713321	1.211395	18.834040
4523	4987.139269	72.321345	3.726521	1.211724	19.375100
4525	4989.196651	72.782672	3.729966	1.210962	19.508623
4527	4991.254049	72.331828	3.749406	1.211882	19.264988
4529	4993.311801	72.236317	3.753777	1.212470	19.158313
4531	4995.368788	72.153041	3.759677	1.213213	19.414553
4533	4997.426742	72.358889	3.782991	1.212297	19.686665
4535	4999.484491	72.130404	3.791664	1.213600	18.893732
4537	5001.541384	71.900517	3.784542	1.214845	19.317892
4539	5003.598213	71.724929	3.809812	1.215890	19.430153
4541	5005.656248	72.122882	3.833818	1.213906	18.837996
4543	5007.713090	71.610076	3.835271	1.216204	19.501320
4545	5009.770530	71.609873	3.853615	1.215891	19.013422
4547	5011.827768	71.082885	3.846966	1.216765	18.067377
4549	5013.886144	71.018609	3.842211	1.218082	18.723456
4551	5015.943703	71.305053	3.874417	1.218465	18.871368
4553	5018.001096	71.140976	3.914206	1.217776	18.474179
4555	5020.057351	71.428743	3.919472	1.217031	18.598900
4557	5022.114683	71.096960	3.910397	1.219479	18.918821
4559	5024.172783	70.828751	3.924347	1.219594	18.670679
4561	5026.230307	70.819116	3.870997	1.224389	18.156193
4563	5028.286960	70.760182	3.945012	1.222211	18.527950
4565	5030.344220	70.623906	3.959719	1.221638	18.942432
4567	5032.401807	70.309091	3.985192	1.221333	18.457836
4569	5034.459697	70.231107	3.912321	1.226132	18.459329
4571	5036.516510	70.487953	4.001685	1.223091	18.122664
4573	5038.573392	70.139368	4.028978	1.221425	18.113652
4575	5040.630842	70.050311	4.000271	1.226066	18.681664
4577	5042.687595	70.226998	4.039182	1.224316	18.277291
4579	5044.745288	69.957165	4.039259	1.226073	18.340802
4581	5046.803021	70.118244	4.072332	1.225976	18.445199
4583	5048.859180	69.851860	4.094279	1.226138	17.925369
4585	5050.916938	69.869574	4.087503	1.226934	17.795767
4587	5052.973678	69.489162	4.097903	1.227236	18.496064
4589	5055.030414	69.551848	4.067096	1.231489	18.070431
4591	5057.088071	69.366822	4.097716	1.230221	17.996141
4593	5059.145166	69.430438	4.123266	1.228968	17.955372
4595	5061.202730	69.440089	4.151772	1.228884	17.964852
4597	5063.259321	69.306917	4.151577	1.229805	17.472612
4599	5065.317584	69.264782	4.185888	1.229475	17.918924
4601	5067.374604	69.069065	4.186480	1.230091	17.669743
4603	5069.431894	69.033401	4.211432	1.230609	17.215334
4605	5071.489598	68.698923	4.157556	1.235482	17.601150
4607	5073.545868	68.675641	4.190913	1.234126	18.078224
4609	5075.603755	68.890875	4.255171	1.232186	17.334752
4611	5077.660635	68.714189	4.267278	1.231819	17.397617
4613	5079.718806	68.636054	4.271424	1.232094	17.510578
4615	5081.776114	68.480317	4.274044	1.232974	16.656341
4617	5083.833864	67.442923	5.118133	1.231929	17.705492
4619	5085.890586	68.310650	4.293187	1.234614	16.888291
4621	5087.947382	68.224435	4.286254	1.235252	17.434046
4623	5090.004963	68.285482	4.304705	1.234676	16.757726
4625	5092.062558	68.124117	4.324128	1.235229	17.670179
4627	5094.119878	68.031865	4.334996	1.236339	17.362435
4629	5096.176271	67.962191	4.355716	1.236242	17.692534
4631	5098.234433	67.451963	4.320627	1.239339	16.748619
4633	5100.291066	67.695726	4.325842	1.240317	17.134385
4635	5102.348589	67.754669	4.373312	1.238664	17.189970
4637	5104.405827	67.704127	4.399172	1.238416	16.928961
4639	5106.463823	67.558989	4.402022	1.239482	17.126208
4641	5108.520211	67.690722	4.422495	1.238267	17.150073
4643	5110.577771	67.425488	4.425136	1.240110	16.765737
4645	5112.634694	65.659352	3.192611	1.234775	16.594257
4647	5114.692296	67.263404	4.440985	1.241371	17.013163
4649	5116.749266	67.174855	4.448574	1.241552	17.296512
4651	5118.806153	67.115445	4.454708	1.241911	15.890012
4653	5120.863544	65.612729	3.343123	1.240409	16.544326
4655	5122.920032	67.015649	4.479379	1.242326	16.771684
4657	5124.977198	65.496721	3.375601	1.241774	16.996601
4659	5127.034764	66.691439	4.501177	1.244642	16.296175
4661	5129.091996	66.714187	4.483648	1.245590	16.466540
4663	5131.149473	65.126636	3.300141	1.242146	16.305376
4665	5133.206590	66.499572	4.484199	1.250219	16.747320
4667	5135.264110	66.533998	4.538064	1.247313	16.513309
4669	5137.320980	66.461251	4.560483	1.246766	16.605146
4671	5139.378251	66.275883	4.583205	1.247206	16.010723
4673	5141.435004	66.121707	4.589983	1.247972	15.551960
4675	5143.492999	66.289111	4.597737	1.248423	16.429345
4677	5145.549671	64.595784	3.448291	1.246598	16.443874
4679	5147.607098	65.851682	4.616080	1.248854	16.368779
4681	5149.663360	66.056461	4.642458	1.250021	16.044087
4683	5151.721531	66.176400	4.645604	1.250147	16.063716
4685	5153.778734	65.749195	4.653144	1.251074	16.053492
4687	5155.836527	65.627507	4.643240	1.252364	16.209512
4689	5157.892643	65.684579	4.653147	1.252438	15.793589
4691	5159.951108	65.534071	4.695413	1.252225	16.225240
4693	5162.007848	65.607542	4.703992	1.252176	15.614975
4695	5164.064875	65.524035	4.708609	1.253483	15.371211
4697	5166.122117	65.413881	4.720923	1.254417	15.779274
4699	5168.179630	65.346857	4.722450	1.256452	15.820106
4701	5170.236823	65.191888	4.722978	1.256463	15.688105
4703	5172.294599	65.271911	4.752166	1.255360	15.997245
4705	5174.351355	64.859934	4.762628	1.256855	15.380779
4707	5176.408310	64.965563	4.726066	1.261687	15.536247
4709	5178.465450	64.891337	4.772375	1.257377	15.536935
4711	5180.522745	64.519913	4.794637	1.258004	15.472091
4713	5182.581031	64.787418	4.802913	1.256606	15.480982
4715	5184.636937	63.097077	3.591103	1.257186	14.840285
4717	5186.694816	64.388170	4.770484	1.262106	15.827493
4719	5188.751541	64.493177	4.828348	1.259513	15.376381
4721	5190.808927	64.452206	4.848484	1.260700	16.024224
4723	5192.866138	64.207615	4.874966	1.260396	15.185188
4725	5194.922886	64.331545	4.875390	1.261619	15.515947
4727	5196.979538	64.338208	4.883933	1.262787	15.554193
4729	5199.036572	64.312295	4.891767	1.261721	14.759214
4731	5201.095054	62.401806	3.597771	1.258242	14.803584
4733	5203.150902	64.039269	4.908543	1.264140	15.345224
4735	5205.208549	63.923041	4.908037	1.264976	15.208958
4737	5207.265323	63.892817	4.908913	1.264893	14.825863
4739	5209.322002	63.797135	4.938345	1.264886	15.467517
4741	5211.380147	63.679539	4.943309	1.265870	14.880342
4743	5213.436344	63.614117	4.958300	1.265554	15.386274
4745	5215.493138	63.612498	4.959191	1.267842	14.870167
4747	5217.551041	63.472512	4.965004	1.267581	14.952980
4749	5219.608281	63.408908	4.975653	1.268486	14.441677
4751	5221.665557	63.220074	4.964571	1.270921	15.150609
4753	5223.723158	63.302803	4.986223	1.270245	14.732175
4755	5225.780283	63.183272	5.020258	1.269028	14.910578
4757	5227.836906	63.105115	5.016457	1.269583	14.739279
4759	5229.893851	63.071331	4.999507	1.271904	15.030990
4761	5231.951329	62.903714	5.029189	1.272285	14.702969
4763	5234.009076	62.646751	5.059211	1.270681	15.036201
4765	5236.065297	62.557236	5.048061	1.273048	14.391526
4767	5238.123218	62.708150	5.074398	1.272572	14.108595
4769	5240.180632	62.659235	5.083953	1.272641	14.796271
4771	5242.237321	62.354455	5.108897	1.272517	14.489823
4773	5244.294069	62.484089	5.083762	1.274817	14.732195
4775	5246.352742	62.642568	5.100404	1.274115	14.825671
4777	5248.408979	62.408891	5.102453	1.275964	14.811328
4779	5250.466561	62.259567	5.127067	1.275694	14.440625
4781	5252.522976	61.914592	5.163546	1.274809	13.767670
4783	5254.580823	62.139573	5.147629	1.277399	14.077523
4785	5256.637488	61.940470	5.156274	1.277656	14.533727
4787	5258.694343	61.998267	5.170015	1.277766	14.054326
4789	5260.751422	61.703106	5.161024	1.279863	13.863505
4791	5262.809353	61.644630	5.194786	1.279021	14.129169
4793	5264.864853	61.680587	5.196868	1.280030	14.568883
4795	5266.922062	61.673123	5.206772	1.279591	14.232216
4797	5268.979633	61.523315	5.218656	1.280289	13.983468
4799	5271.036188	61.510440	5.207835	1.282298	14.156583
4801	5273.093514	61.453643	5.240207	1.281304	13.843142
4803	5275.150381	61.323128	5.255655	1.281616	14.249068
4805	5277.207796	61.394470	5.260131	1.283066	13.905799
4807	5279.265328	61.280894	5.254383	1.284714	13.548911
4809	5281.322708	61.152969	5.280596	1.283377	14.024788
4811	5283.379397	61.025928	5.294841	1.284121	14.355140
4813	5285.436687	61.120639	5.296857	1.284195	13.869339
4815	5287.494076	61.044643	5.307031	1.284007	13.965857
4817	5289.550137	60.791442	5.331813	1.285948	13.963232
4819	5291.607589	60.818507	5.346553	1.286065	13.803438
4821	5293.664780	60.720205	5.354467	1.287547	14.050610
4823	5295.722622	60.539665	5.363209	1.287005	14.124093
4825	5297.779845	60.580905	5.366078	1.288707	13.383221
4827	5299.836706	60.457447	5.396006	1.288580	13.247578
4829	5301.893968	60.346429	5.410628	1.289633	13.634279
4831	5303.951580	60.323086	5.412472	1.290182	13.319286
4833	5306.007964	60.303171	5.418771	1.291482	13.686634
4835	5308.066226	60.207432	5.434343	1.290944	14.145267
4837	5310.122856	60.074967	5.443297	1.291768	13.401528
4839	5312.179585	60.044671	5.446768	1.292367	13.468767
4841	5314.236647	59.908315	5.438002	1.294278	13.688188
4843	5316.294122	59.852061	5.453699	1.293633	13.251464
4845	5318.351174	59.951782	5.476079	1.293635	13.450879
4847	5320.408808	59.726103	5.469279	1.297544	13.119121
4849	5322.465369	59.750579	5.481451	1.297221	13.414628
4851	5324.521848	59.410652	5.507459	1.294945	12.931187
4853	5326.578575	59.531841	5.508555	1.295609	12.835974
4855	5328.637008	59.454460	5.518295	1.296456	13.026425
4857	5330.693539	59.408631	5.524621	1.297369	12.711848
4859	5332.751450	59.326355	5.541010	1.297086	13.718104
4861	5334.808087	59.367377	5.549971	1.297282	12.886749
4863	5336.864944	59.261168	5.566368	1.299375	13.393676
4865	5338.921176	59.154290	5.579731	1.299446	13.076724
4867	5340.978204	59.073940	5.565265	1.299710	13.272532
4869	5343.035762	59.026141	5.578346	1.298801	13.416320
4871	5345.092138	58.927612	5.583179	1.300250	12.586725
4873	5347.149939	58.909459	5.596206	1.300781	12.669878
4875	5349.206410	58.801776	5.593485	1.302387	12.489243
4877	5351.264516	58.559500	5.606282	1.302150	13.150593
4879	5353.319687	58.681861	5.603493	1.302268	12.612605
4881	5355.378363	58.515550	5.620990	1.303271	13.016234
4883	5357.434559	58.543458	5.632958	1.303936	12.556071
4885	5359.492495	58.435686	5.638857	1.303888	12.784359
4887	5361.549150	58.335180	5.634545	1.305889	12.760317
4889	5363.606788	58.456894	5.636699	1.308918	12.720533
4891	5365.662779	58.238557	5.665789	1.305946	12.232079
4893	5367.720107	58.058910	5.705212	1.305803	12.948064
4895	5369.777770	58.049170	5.691362	1.306274	12.169151
4897	5371.834498	57.937150	5.698725	1.308182	11.987782
4899	5373.891893	57.999658	5.702471	1.308441	12.448700
4901	5375.948882	57.706384	5.710655	1.308200	12.807367
4903	5378.005994	57.797605	5.702652	1.311494	12.685763
4905	5380.063931	57.834805	5.728174	1.310829	11.784800
4907	5382.121133	57.603506	5.735546	1.309661	12.658529
4909	5384.177947	57.627083	5.742300	1.311087	12.678772
4911	5386.233893	57.636025	5.731854	1.310815	11.888797
4913	5388.292619	57.459559	5.741892	1.312795	12.407735
4915	5390.349238	57.329460	5.758588	1.312955	12.281490
4917	5392.406141	57.286120	5.759915	1.313587	12.073278
