num crossings	time (s)	maj axis (mm)	min axis (mm)	theta (rad )	slope (V/s)
2251	2626.693781	120.584043	0.704640	4.303447	53.814279
2253	2628.752507	119.050850	2.155742	4.299474	55.237186
2255	2630.811205	120.227949	0.658306	4.303445	54.346703
2257	2632.869640	120.050106	0.613289	4.303134	52.357820
2259	2634.928124	120.133422	0.668957	4.304941	53.028173
2261	2636.986293	119.852476	0.594822	4.304104	53.306072
2263	2639.044507	120.285600	0.517304	4.303954	53.373970
2265	2641.103003	119.807228	0.489886	4.303699	52.313395
2267	2643.161361	119.594866	0.499636	4.304293	51.434709
2269	2645.219813	119.308272	0.580498	4.305404	52.484398
2271	2647.278489	119.166614	0.504334	4.304571	52.528539
2273	2649.337101	118.531179	0.442751	4.302300	52.436328
2275	2651.396349	119.129036	0.482040	4.305877	51.135158
2277	2653.455342	119.108855	0.445514	4.305077	51.720279
2279	2655.514262	118.682991	0.463726	4.306461	52.136072
2281	2657.573044	118.482111	0.439339	4.305734	51.484159
2283	2659.631859	118.100193	0.505320	4.306945	51.426946
2285	2661.690872	118.163437	0.427290	4.305824	51.704352
2287	2663.749309	118.022742	0.486569	4.305648	49.965362
2289	2665.807910	118.518611	0.367992	4.305500	51.233142
2291	2667.866352	117.497650	0.424986	4.304801	51.123451
2293	2669.924910	117.637437	0.441552	4.305125	50.953682
2295	2671.983533	115.886834	1.958781	4.298273	50.091882
2297	2674.041952	115.861323	2.142944	4.298400	50.415211
2299	2676.100136	115.617137	2.194933	4.299184	49.712713
2301	2678.158264	116.867546	0.284356	4.298332	51.535591
2303	2680.216553	116.900311	0.327453	4.305453	48.905950
2305	2682.274472	116.686672	0.315951	4.304871	50.481842
2307	2684.332579	116.486925	0.331549	4.305812	51.299938
2309	2686.390508	116.355851	0.279877	4.304814	50.025097
2311	2688.448967	116.242522	0.363373	4.306564	50.870773
2313	2690.507290	116.176492	0.303445	4.305428	49.929390
2315	2692.565785	115.837227	0.337726	4.305380	49.176365
2317	2694.624565	115.987035	0.260450	4.303242	49.271284
2319	2696.683108	115.685800	0.290671	4.303807	48.512264
2321	2698.741563	115.174994	0.407066	4.303530	49.205779
2323	2700.800269	115.423116	0.323265	4.303959	48.731389
2325	2702.858833	115.066486	0.245491	4.302257	48.628192
2327	2704.917582	114.681068	0.304228	4.301935	48.619461
2329	2706.975898	114.721038	0.315119	4.302826	48.296503
2331	2709.034312	114.481631	0.240754	4.301342	48.922018
2333	2711.092846	114.455454	0.193263	4.301063	48.062102
2335	2713.151079	114.290396	0.257573	4.302002	48.023691
2337	2715.209279	113.699811	0.248284	4.300425	46.874106
2339	2717.267546	113.581450	0.263408	4.301024	48.811637
2341	2719.325898	113.604463	0.201869	4.301029	47.453256
2343	2721.384020	113.543689	0.218534	4.301666	48.371907
2345	2723.442338	113.530457	0.355382	4.303208	48.637006
2347	2725.500844	113.911184	0.218056	4.302478	47.435371
2349	2727.559306	113.239766	0.226842	4.302001	47.584757
2351	2729.618108	113.320998	0.183426	4.301031	47.146776
2353	2731.676570	112.862403	0.248701	4.302578	48.602683
2355	2733.735524	112.926314	0.275196	4.303698	47.587824
2357	2735.794187	112.730576	0.223196	4.302990	46.743994
2359	2737.852934	112.674451	0.183673	4.302089	46.923562
2361	2739.911635	112.641767	0.224171	4.303695	47.888922
2363	2741.970212	112.666653	0.209202	4.302651	46.739906
2365	2744.028801	111.942596	0.316171	4.303271	46.209912
2367	2746.087318	112.316488	0.193644	4.301929	47.518690
2369	2748.145660	111.971232	0.274758	4.302641	45.189347
2371	2750.203734	111.763774	0.242714	4.302163	46.049446
2373	2752.262227	111.511582	0.270691	4.301793	46.747664
2375	2754.320246	111.442105	0.264849	4.301702	45.858277
2377	2756.378758	111.915811	0.217180	4.302479	45.440319
2379	2758.436625	111.639384	0.274640	4.302803	45.861122
2381	2760.494651	111.239098	0.272627	4.302545	45.220331
2383	2762.552925	111.314705	0.204361	4.301226	45.085316
2385	2764.610557	110.929459	0.252257	4.301853	45.219718
2387	2766.668622	110.793612	0.301955	4.302553	44.126577
2389	2768.726615	110.575020	0.228258	4.301270	44.976413
2391	2770.784627	110.455179	0.227727	4.300468	44.323903
2393	2772.842843	110.575727	0.201148	4.300557	44.663573
2395	2774.901267	110.506059	0.221702	4.300608	44.432986
2397	2776.959758	109.771786	0.181305	4.298827	44.875155
2399	2779.017844	109.492311	0.185798	4.298111	43.706168
2401	2781.076467	109.494460	0.302765	4.300316	44.330124
2403	2783.134821	109.475732	0.235187	4.298432	44.035547
2405	2785.193249	109.294101	0.247255	4.298597	43.263489
2407	2787.251327	109.685573	0.214987	4.298504	44.731019
2409	2789.310124	109.080414	0.285328	4.299412	43.880639
2411	2791.368186	109.019981	0.246126	4.298565	43.456324
2413	2793.426304	108.573931	0.306175	4.298724	43.495429
2415	2795.484528	108.683269	0.299813	4.299008	43.618267
2417	2797.542874	108.943420	0.252699	4.298991	43.434119
2419	2799.601173	107.497133	0.386109	4.297770	44.354009
2421	2801.659323	108.273074	0.252574	4.298051	43.116447
2423	2803.717267	108.276965	0.321502	4.299013	42.333634
2425	2805.775642	108.302766	0.293017	4.299077	41.839865
2427	2807.834149	107.969057	0.254607	4.298192	42.671223
2429	2809.892306	107.821334	0.262584	4.297858	42.684200
2431	2811.950866	107.414558	0.285794	4.298096	43.035189
2433	2814.009364	106.840994	0.407914	4.299086	43.802097
2435	2816.067976	107.370816	0.299191	4.298576	43.146694
2437	2818.126479	107.353361	0.292520	4.298952	42.041987
2439	2820.185070	106.998981	0.318929	4.299376	42.261461
2441	2822.243568	107.213503	0.243358	4.298187	43.078535
2443	2824.301880	106.958459	0.307117	4.299217	42.766498
2445	2826.360032	106.921548	0.267444	4.298726	41.666199
2447	2828.418389	106.576188	0.288242	4.297733	41.809453
2449	2830.476662	106.607129	0.319820	4.298782	41.334564
2451	2832.534903	106.502686	0.301831	4.298166	40.970854
2453	2834.592998	106.095363	0.226964	4.293436	41.291555
2455	2836.650922	106.179857	0.265320	4.297058	41.001397
2457	2838.709226	106.440128	0.257010	4.296892	41.165220
2459	2840.767090	106.045711	0.304006	4.297761	40.674628
2461	2842.824919	105.841337	0.335925	4.298169	40.883689
2463	2844.882874	105.701316	0.337968	4.298709	40.479588
2465	2846.940600	105.234537	0.410168	4.298985	39.689663
2467	2848.998670	105.282290	0.287292	4.294949	41.504383
2469	2851.056432	105.282890	0.323536	4.296877	40.726473
2471	2853.114187	105.039462	0.353546	4.296587	41.029327
2473	2855.172462	104.900019	0.391582	4.297591	40.168340
2475	2857.230517	104.755770	0.365569	4.296957	40.113277
2477	2859.288423	104.506498	0.375780	4.296338	39.260086
2479	2861.346835	104.442815	0.438349	4.297681	40.168268
2481	2863.404637	103.978186	0.423134	4.296364	40.563290
2483	2865.462726	104.102913	0.427653	4.296263	39.927572
2485	2867.520964	104.046917	0.423934	4.296282	39.550418
2487	2869.579429	104.318303	0.411438	4.296490	39.156351
2489	2871.637207	104.078755	0.368886	4.294948	40.282645
2491	2873.695346	103.933168	0.400306	4.295185	39.210436
2493	2875.753737	103.582583	0.393440	4.294938	39.526258
2495	2877.811573	103.647451	0.459092	4.296308	39.867343
2497	2879.869748	103.188686	0.390197	4.293945	40.247579
2499	2881.927798	103.311607	0.421034	4.295229	39.200091
2501	2883.986148	102.985052	0.436525	4.294831	38.801957
2503	2886.044281	103.553345	0.341353	4.292470	38.515407
2505	2888.102271	102.696074	0.442339	4.294920	38.840897
2507	2890.160246	102.468865	0.463084	4.295041	39.414908
2509	2892.218753	102.704522	0.446342	4.295459	39.107839
2511	2894.276931	102.218217	0.541462	4.296235	38.133905
2513	2896.335360	102.152408	0.525917	4.296520	38.317108
2515	2898.393745	102.167648	0.495246	4.295664	38.255876
2517	2900.452137	102.309390	0.475847	4.295981	37.934681
2519	2902.510429	102.065355	0.474835	4.295206	38.967530
2521	2904.568838	101.847497	0.488627	4.295464	37.924267
2523	2906.626902	101.734436	0.516052	4.295838	37.730299
2525	2908.685074	101.274966	0.440058	4.292525	37.546406
2527	2910.743436	101.351893	0.471882	4.295103	37.847314
2529	2912.801479	101.584669	0.481383	4.296391	38.728848
2531	2914.859307	101.311718	0.434372	4.294690	38.119535
2533	2916.917480	101.484780	0.448781	4.295855	37.942936
2535	2918.975341	101.181849	0.459202	4.295365	38.011890
2537	2921.033111	100.938730	0.508077	4.295866	37.910871
2539	2923.091060	101.179463	0.490474	4.295698	36.188386
2541	2925.148511	101.649160	0.363806	4.295037	36.641707
2543	2927.206865	100.951804	0.488495	4.294472	37.543822
2545	2929.264541	100.742184	0.533749	4.295549	36.590952
2547	2931.322004	100.636248	0.541884	4.296501	37.250242
2549	2933.379807	100.291397	0.542524	4.295907	36.660731
2551	2935.437957	100.143260	0.559489	4.295279	35.789199
2553	2937.495567	99.936815	0.518797	4.293409	36.417110
2555	2939.553713	99.827969	0.564225	4.294289	35.942960
2557	2941.611507	99.959944	0.616318	4.295358	36.094671
2559	2943.669506	99.524770	0.585141	4.294089	36.051524
2561	2945.727445	99.641351	0.572514	4.293632	36.338123
2563	2947.785423	99.388235	0.576467	4.293595	36.953892
2565	2949.843585	99.154267	0.604699	4.294410	36.224951
2567	2951.901537	99.131349	0.614949	4.294701	35.943160
2569	2953.959595	98.832674	0.661233	4.294740	35.919087
2571	2956.017224	98.902989	0.621319	4.293694	37.156194
2573	2958.075400	98.755055	0.637865	4.294230	36.575910
2575	2960.133084	98.628131	0.647985	4.293897	35.679862
2577	2962.191321	98.332901	0.651767	4.293393	35.763081
2579	2964.249053	98.066612	0.667043	4.293352	34.837392
2581	2966.307058	98.360887	0.711430	4.295066	35.481412
2583	2968.365095	97.908639	0.695668	4.293692	35.225452
2585	2970.422879	97.955692	0.685850	4.293165	34.536441
2587	2972.481083	97.733421	0.721711	4.293584	34.997014
2589	2974.539478	97.729248	0.750713	4.294984	34.698269
2591	2976.597085	97.942421	0.703589	4.293885	35.362549
2593	2978.655488	97.582644	0.716139	4.293581	35.384890
2595	2980.713593	97.308627	0.737168	4.294209	34.844552
2597	2982.772109	97.225778	0.768182	4.295088	35.026339
2599	2984.829981	97.070257	0.774557	4.294986	34.350508
2601	2986.888387	97.163110	0.793290	4.295503	34.536152
2603	2988.946261	96.765717	0.731729	4.289750	34.305355
2605	2991.004536	96.783098	0.804424	4.294341	33.579630
2607	2993.062076	96.659635	0.834257	4.294877	33.851464
2609	2995.120494	96.455787	0.776040	4.292267	33.918493
2611	2997.178441	96.322916	0.823449	4.294180	34.250464
2613	2999.235891	96.508239	0.830931	4.295102	34.660564
2615	3001.293807	96.424838	0.836608	4.295549	33.911975
2617	3003.351478	96.097446	0.851912	4.295119	33.547625
2619	3005.409513	96.314469	0.837107	4.294245	34.292943
2621	3007.467146	96.008871	0.844110	4.293220	32.787171
2623	3009.524593	95.921089	0.913443	4.295726	33.680324
2625	3011.582169	95.663006	0.902750	4.294561	33.113061
2627	3013.640175	95.906559	0.912385	4.295715	34.015200
2629	3015.697711	95.308011	0.941238	4.294930	33.668970
2631	3017.755493	95.360250	0.961263	4.295604	33.545347
2633	3019.813313	95.281222	0.936235	4.294827	32.790489
2635	3021.870898	95.063227	0.941516	4.294221	33.884093
2637	3023.928861	94.861388	0.977704	4.295301	32.987336
2639	3025.986593	94.871609	0.955106	4.294264	33.616493
2641	3028.044385	94.227192	1.054531	4.295487	32.928281
2643	3030.102517	94.905902	0.990276	4.294748	32.220048
2645	3032.159998	94.781479	0.988228	4.294354	33.625229
2647	3034.218080	94.216145	1.004679	4.294483	32.815156
2649	3036.275797	94.099638	1.029952	4.294971	32.387182
2651	3038.333774	94.264406	1.007971	4.294543	32.100746
2653	3040.391536	93.863702	1.026364	4.293631	32.396512
2655	3042.449790	93.945263	1.046263	4.294893	31.809686
2657	3044.507219	93.749271	1.063685	4.294505	32.317883
2659	3046.565494	93.653865	1.084998	4.294631	31.991671
2661	3048.623091	93.470962	1.030288	4.291370	31.791674
2663	3050.681062	93.311880	1.091213	4.294848	31.808455
2665	3052.738739	93.317784	1.143713	4.296022	31.087758
2667	3054.797110	93.197801	1.133049	4.295711	31.355615
2669	3056.854641	93.139128	1.103853	4.295137	31.583343
2671	3058.912988	91.264357	2.532553	4.293334	31.231874
2673	3060.970808	93.026173	1.164665	4.295959	31.384822
2675	3063.029093	92.681083	1.159596	4.295276	31.574685
2677	3065.086859	92.678980	1.184348	4.295875	30.754714
2679	3067.145130	92.746911	1.190680	4.296743	31.434039
2681	3069.202918	92.484432	1.178112	4.295150	31.418842
2683	3071.261057	92.404089	1.213790	4.296852	31.234609
2685	3073.318996	92.576877	1.207146	4.295932	30.997280
2687	3075.376536	90.713468	2.629780	4.292867	31.113711
2689	3077.434335	92.572007	1.115556	4.295462	31.306090
2691	3079.492077	90.722524	2.634369	4.293039	31.002681
2693	3081.549973	91.888853	1.269512	4.297068	31.207379
2695	3083.608028	91.853733	1.281843	4.296439	30.537401
2697	3085.665437	90.192618	2.647819	4.292993	30.573667
2699	3087.723224	91.545050	1.292062	4.296727	30.531364
2701	3089.780398	91.291259	1.324741	4.296999	30.595345
2703	3091.838384	91.409366	1.350992	4.298127	30.413099
2705	3093.895886	91.310379	1.319321	4.296228	29.689101
2707	3095.953251	91.218949	1.344329	4.297286	29.628449
2709	3098.010991	91.044152	1.350428	4.297393	29.601774
2711	3100.068595	90.827768	1.368228	4.297301	30.357267
2713	3102.126487	90.794725	1.381235	4.297922	29.969691
2715	3104.183949	90.988828	1.383949	4.298519	29.574223
2717	3106.241352	90.612271	1.379349	4.297448	30.108413
2719	3108.299275	90.527341	1.426128	4.298488	29.361855
2721	3110.356729	90.215312	1.443804	4.298970	30.476671
2723	3112.414835	90.234699	1.431082	4.298134	30.433647
2725	3114.472577	89.993845	1.445761	4.297796	29.846387
2727	3116.530171	89.794401	1.482703	4.298506	29.542689
2729	3118.587984	89.817821	1.483604	4.298614	29.765804
2731	3120.645530	89.963293	1.480555	4.299010	29.816845
2733	3122.703532	89.853687	1.543661	4.300291	29.433279
2735	3124.761413	89.517536	1.523056	4.298871	29.782928
2737	3126.819174	89.501188	1.555367	4.299810	30.108081
2739	3128.876903	89.403128	1.525222	4.297324	29.425069
2741	3130.934680	89.261156	1.559107	4.299525	29.848182
2743	3132.992621	89.054407	1.580772	4.299494	29.744191
2745	3135.050361	88.840509	1.615813	4.300610	29.086273
2747	3137.108374	88.952276	1.602565	4.300332	28.990600
2749	3139.166021	88.610952	1.634373	4.300527	29.036267
2751	3141.223907	88.492325	1.649912	4.300952	28.569470
2753	3143.282019	88.710599	1.653531	4.300995	28.827255
2755	3145.339535	88.635093	1.644684	4.299587	29.265261
2757	3147.397883	88.398414	1.719029	4.302932	28.469266
2759	3149.455658	88.663633	1.679441	4.302230	27.813988
2761	3151.513455	88.124654	1.689143	4.300880	28.343008
2763	3153.571222	88.003221	1.709729	4.301425	28.331190
2765	3155.629166	87.566732	1.730031	4.301252	28.762532
2767	3157.687000	88.005931	1.726838	4.302506	27.737208
2769	3159.744527	87.767238	1.770270	4.303630	27.555348
2771	3161.802139	87.781229	1.759923	4.303315	27.997452
2773	3163.859600	87.697405	1.769978	4.303323	28.130380
2775	3165.917052	87.477948	1.776707	4.302493	27.630842
2777	3167.974538	85.985597	2.990131	4.301533	27.415522
2779	3170.032407	87.155456	1.818898	4.304179	28.047648
2781	3172.089907	87.091436	1.805478	4.303543	27.513268
2783	3174.147280	86.925532	1.791079	4.301890	28.085443
2785	3176.204691	87.089644	1.809194	4.303142	28.243018
2787	3178.262269	86.810061	1.853414	4.303673	28.241439
2789	3180.320181	86.726776	1.864971	4.304667	27.589088
2791	3182.377526	86.593434	1.865057	4.304071	27.552771
2793	3184.435042	86.589612	1.859080	4.304304	27.650298
2795	3186.492698	86.557285	1.875936	4.304789	27.869156
2797	3188.549827	86.416395	1.886122	4.304748	27.829475
2799	3190.607735	86.236104	1.917474	4.306255	27.123344
2801	3192.665261	86.118972	1.918157	4.305531	27.312216
2803	3194.722930	86.055177	1.933652	4.305410	27.777935
2805	3196.780663	85.911412	1.977072	4.306744	26.898526
2807	3198.838220	85.749323	1.979352	4.306310	26.723708
2809	3200.895790	85.575234	1.998356	4.306717	27.298255
2811	3202.953528	85.579637	2.005589	4.306719	26.994350
2813	3205.011280	85.456208	2.011399	4.306101	26.906656
2815	3207.068516	85.317592	2.040024	4.306942	26.998761
2817	3209.126311	85.339392	2.057565	4.307776	27.020718
2819	3211.184250	85.207592	2.001942	4.303997	27.173510
2821	3213.241553	85.150204	2.055113	4.308090	26.226371
2823	3215.299591	85.100138	2.069209	4.308045	26.736163
2825	3217.357228	84.995943	2.065979	4.307282	25.921373
2827	3219.415446	84.796884	2.075111	4.307472	27.023569
2829	3221.473025	84.791075	2.116385	4.308516	26.830249
2831	3223.530638	84.638551	2.138968	4.309343	26.142999
2833	3225.588399	84.598944	2.139466	4.309378	26.181988
2835	3227.646208	84.481805	2.151102	4.309784	26.075260
2837	3229.704250	84.288238	2.160245	4.309639	25.355759
2839	3231.761642	84.382708	2.203706	4.311646	26.282562
2841	3233.819493	84.253236	2.208658	4.311475	26.264155
2843	3235.877211	83.998931	2.222540	4.310761	26.426045
2845	3237.934582	83.895429	2.228413	4.310536	26.079678
2847	3239.992286	83.601173	2.227446	4.308642	25.757378
2849	3242.049760	83.712123	2.253817	4.310688	25.545834
2851	3244.107345	83.827389	2.285504	4.311421	26.029432
2853	3246.164454	83.573025	2.316891	4.313204	26.001865
2855	3248.221964	83.404520	2.312758	4.312876	25.874319
2857	3250.279973	83.322133	2.301291	4.312013	25.270731
2859	3252.337332	83.291748	2.314390	4.312704	25.731478
2861	3254.394517	82.833666	2.366788	4.314129	25.933864
2863	3256.452158	83.016875	2.353658	4.313405	24.505325
2865	3258.509362	82.955454	2.359408	4.313476	25.220335
2867	3260.566909	82.795932	2.374354	4.313596	25.275504
2869	3262.624172	82.697455	2.393512	4.313284	25.056320
2871	3264.681619	82.517846	2.436656	4.315333	24.340041
2873	3266.739363	82.595358	2.439065	4.315548	25.657902
2875	3268.796767	82.678524	2.432086	4.315882	25.266484
2877	3270.853849	82.364938	2.462726	4.315657	25.027099
2879	3272.911582	82.211723	2.496579	4.316441	24.907163
2881	3274.969161	82.281051	2.499889	4.316701	24.610849
2883	3277.026762	82.015360	2.553186	4.318035	25.493702
2885	3279.084096	82.153321	2.541895	4.318525	24.390305
2887	3281.141757	81.785919	2.540057	4.316607	24.659729
2889	3283.199285	81.516980	2.546659	4.316830	24.505472
2891	3285.256615	81.670844	2.582799	4.318780	24.633090
2893	3287.314649	81.550922	2.593361	4.319348	24.389646
2895	3289.371779	81.217974	2.635669	4.319717	24.550380
2897	3291.429757	81.146066	2.624823	4.319684	24.408684
2899	3293.487551	81.269711	2.596112	4.317910	24.555498
2901	3295.545382	81.058063	2.647468	4.320106	24.937899
2903	3297.602611	81.041366	2.649123	4.320948	23.404889
2905	3299.660579	80.923493	2.662512	4.321535	24.115817
2907	3301.718219	80.931907	2.648888	4.320143	23.299016
2909	3303.775948	80.746572	2.648537	4.320508	23.923173
2911	3305.833288	80.744120	2.666579	4.321260	24.402092
2913	3307.890686	80.852539	2.676824	4.321671	24.116255
2915	3309.948745	80.725610	2.673270	4.322156	23.992656
2917	3312.006462	79.142092	3.761719	4.320439	23.515518
2919	3314.064151	80.097587	2.723218	4.322755	23.560644
2921	3316.121246	80.194768	2.729019	4.322445	23.728913
2923	3318.179005	79.914646	2.729317	4.322220	23.605604
2925	3320.236422	80.065842	2.734853	4.323119	23.748379
2927	3322.294432	79.895583	2.759495	4.323993	24.000135
2929	3324.351578	79.860943	2.768854	4.324015	23.247655
2931	3326.408947	80.130922	2.769024	4.324694	23.558875
2933	3328.466153	79.617226	2.799984	4.325028	23.400137
2935	3330.523611	78.281145	3.770666	4.325519	23.393546
2937	3332.581182	77.634557	1.292526	4.317989	23.535605
2939	3334.638493	79.254612	2.782426	4.323468	22.973059
2941	3336.695746	79.254072	2.858894	4.326392	22.519695
2943	3338.752618	79.076823	2.882238	4.327122	23.448629
2945	3340.810045	78.954426	2.895370	4.327387	22.914833
2947	3342.867678	79.203502	2.905166	4.329027	23.265851
2949	3344.924920	78.840170	2.877782	4.325245	22.321625
2951	3346.982516	78.675580	2.883919	4.326970	22.415508
2953	3349.039792	78.573537	2.915916	4.328397	22.473717
2955	3351.097334	78.589644	2.918149	4.329271	23.045576
2957	3353.154678	78.533422	2.917048	4.329384	22.820695
2959	3355.212221	78.256274	2.931027	4.328845	23.189864
2961	3357.269970	78.308849	2.925370	4.329399	22.948938
2963	3359.326738	78.327137	2.939169	4.329100	22.814802
2965	3361.384140	78.071681	2.960403	4.329754	21.856039
2967	3363.442075	78.040464	2.976434	4.330955	23.063913
2969	3365.499621	77.876189	2.971785	4.330043	22.294209
2971	3367.556962	77.782097	3.000315	4.331434	22.106668
2973	3369.614841	77.551539	3.017412	4.331332	22.917321
2975	3371.672456	77.848376	3.014121	4.332969	22.155920
2977	3373.729712	77.992616	3.023298	4.331415	22.540766
2979	3375.787241	76.146591	4.020122	4.332923	22.499030
2981	3377.844631	76.233605	4.072173	4.333654	22.146372
2983	3379.902598	77.256901	3.079716	4.334073	22.291317
2985	3381.960209	77.039543	3.063892	4.330850	21.662793
2987	3384.017946	77.123201	3.114196	4.335216	21.751159
2989	3386.075119	77.078020	3.117604	4.335041	21.255581
2991	3388.132934	77.020050	3.138799	4.335186	21.898137
2993	3390.190460	77.275121	3.152031	4.336599	21.947632
2995	3392.247922	77.148987	3.160145	4.336114	21.433869
2997	3394.304944	75.510791	4.087046	4.336474	21.490165
2999	3396.362938	76.694164	3.197389	4.337829	21.570741
3001	3398.419867	76.593197	3.205007	4.337401	21.710513
3003	3400.477765	76.577050	3.236891	4.340369	21.615279
3005	3402.534558	76.414562	3.245295	4.339735	21.650445
3007	3404.592273	75.943679	3.281775	4.340672	22.074905
3009	3406.649564	74.640294	4.347396	4.339066	21.179309
3011	3408.706768	75.854336	3.269516	4.337242	21.898021
3013	3410.764082	75.960725	3.288997	4.340526	20.981509
3015	3412.821200	74.597722	4.262803	4.341218	21.312196
3017	3414.878504	75.708859	3.315316	4.340930	21.343465
3019	3416.935585	75.599722	3.331720	4.340558	20.597984
3021	3418.993576	75.718967	3.363865	4.342733	21.617968
3023	3421.050327	74.737042	3.437774	4.344288	20.974606
3025	3423.108365	74.859316	3.464689	4.345458	21.075785
3027	3425.165199	75.235925	3.397931	4.343452	20.941526
3029	3427.222773	75.019677	3.371724	4.341097	20.900831
3031	3429.279887	75.022153	3.412322	4.344646	20.546974
3033	3431.337510	74.916982	3.420057	4.343983	20.874803
3035	3433.394891	74.615714	3.463841	4.346132	20.574667
3037	3435.452544	74.797751	3.444065	4.345499	21.325007
3039	3437.509181	74.707566	3.447985	4.345784	20.980693
3041	3439.567434	74.342018	3.493723	4.347500	20.744993
3043	3441.624585	74.544273	3.483499	4.346646	20.731168
3045	3443.681863	74.390199	3.498236	4.347508	20.661173
3047	3445.739330	73.737824	3.567919	4.349640	20.280220
3049	3447.796616	74.307618	3.517017	4.347984	20.212255
3051	3449.854440	74.187347	3.537550	4.349180	20.548062
3053	3451.911967	74.144010	3.565312	4.349732	19.998913
3055	3453.969640	74.199487	3.548287	4.349969	20.568004
3057	3456.026922	73.804589	3.538759	4.348607	20.189829
3059	3458.084341	73.968987	3.554441	4.349908	20.214120
3061	3460.141841	73.823316	3.587189	4.351902	19.724634
3063	3462.199012	73.906532	3.574352	4.351519	20.514600
3065	3464.256870	73.573384	3.591551	4.351058	20.208914
3067	3466.314392	73.580970	3.620294	4.352596	19.359953
3069	3468.371910	73.397760	3.618981	4.352486	19.835339
3071	3470.429417	73.414221	3.635512	4.352450	19.517130
3073	3472.486494	72.860858	3.695006	4.356158	20.296993
3075	3474.543865	73.454913	3.650104	4.354900	20.240826
3077	3476.600975	73.341952	3.644707	4.354208	19.666820
3079	3478.658302	72.999615	3.670321	4.354118	19.695282
3081	3480.715855	72.988656	3.683589	4.355132	19.674052
3083	3482.773084	72.776539	3.703220	4.355474	19.666030
3085	3484.830011	72.603747	3.733192	4.357711	19.741551
3087	3486.887159	72.631162	3.725362	4.353484	19.336769
3089	3488.944576	72.794993	3.736087	4.356806	19.746428
3091	3491.001958	72.471349	3.754548	4.357250	20.200936
3093	3493.059216	72.392581	3.772225	4.357917	19.354072
3095	3495.116397	72.347204	3.791926	4.358521	19.459015
3097	3497.173722	72.277245	3.807675	4.359835	19.434163
3099	3499.231101	71.911268	3.813812	4.359927	19.391331
3101	3501.287886	71.924237	3.827787	4.359658	19.288501
3103	3503.345698	71.866171	3.850772	4.360882	19.294961
3105	3505.403243	72.151251	3.834305	4.361467	19.843248
3107	3507.459970	71.762072	3.845716	4.360387	19.040073
3109	3509.517689	71.636776	3.865155	4.361858	19.012972
3111	3511.574701	71.677522	3.871628	4.361958	18.821994
3113	3513.632324	71.445225	3.874872	4.359989	18.999931
3115	3515.689315	71.404380	3.908307	4.363906	18.644684
3117	3517.747051	71.392813	3.903856	4.363597	18.779789
3119	3519.804491	71.284205	3.919288	4.364261	18.796589
3121	3521.861156	71.222080	3.927088	4.364398	19.382290
3123	3523.919069	71.145467	3.935730	4.364495	18.541707
3125	3525.976672	71.256155	3.949981	4.364791	17.828785
3127	3528.034146	70.912162	3.942133	4.362890	19.020183
3129	3530.091234	70.849977	3.965473	4.365968	18.545118
3131	3532.148805	70.810019	3.965980	4.366463	19.008923
3133	3534.206448	70.731427	4.002436	4.367430	18.535101
3135	3536.263592	70.845129	4.022063	4.367464	18.164083
3137	3538.321016	70.482620	4.028403	4.366389	18.251712
3139	3540.378585	70.475048	4.071756	4.369405	18.404262
3141	3542.435590	70.374530	4.079397	4.369807	18.750019
3143	3544.493249	70.402210	4.104257	4.370501	18.271233
3145	3546.550761	70.331738	4.118303	4.371037	18.048571
3147	3548.607762	70.050651	4.103627	4.370145	18.343940
3149	3550.664966	70.122988	4.121467	4.371746	18.291188
3151	3552.722083	70.275474	4.137508	4.372834	18.038428
3153	3554.779445	69.852186	4.152681	4.373304	18.111282
3155	3556.837240	69.778594	4.136547	4.372648	17.770084
3157	3558.893730	69.736158	4.161187	4.372901	17.882480
3159	3560.951400	69.698346	4.166889	4.373712	18.303665
3161	3563.008341	69.614763	4.195106	4.374834	17.404329
3163	3565.065938	69.578289	4.198743	4.375126	17.678183
3165	3567.122853	69.517847	4.216147	4.375084	17.880375
3167	3569.180097	69.347775	4.237341	4.376829	17.609494
3169	3571.236806	69.258391	4.243496	4.376757	17.744392
3171	3573.294565	69.206662	4.256849	4.378089	17.523113
3173	3575.351628	69.075063	4.277577	4.377629	17.359555
3175	3577.409120	69.042290	4.275149	4.378248	17.583209
3177	3579.465605	68.782952	4.303929	4.379630	17.324144
3179	3581.523476	68.890512	4.298983	4.379205	17.790417
3181	3583.580701	68.704896	4.308879	4.379672	17.158394
3183	3585.637541	68.562969	4.323631	4.379110	17.911537
3185	3587.695322	68.602811	4.324161	4.381032	17.551295
3187	3589.752010	68.436917	4.338871	4.381707	17.247821
3189	3591.809552	68.338613	4.340771	4.380762	17.643101
3191	3593.866633	68.310133	4.355694	4.382521	17.513111
3193	3595.924396	68.237712	4.372846	4.382961	17.449163
3195	3597.981111	68.124664	4.377071	4.382576	17.198823
3197	3600.039580	68.051675	4.396134	4.383688	17.389561
3199	3602.096549	68.005860	4.405085	4.384384	16.875842
3201	3604.153909	67.916388	4.409511	4.384672	17.286820
3203	3606.210972	67.764564	4.406580	4.384418	17.069532
3205	3608.268437	67.823291	4.439431	4.386130	16.911820
3207	3610.326012	67.884745	4.449659	4.386458	17.140892
3209	3612.383392	67.567596	4.447141	4.385725	17.044613
3211	3614.440420	67.612996	4.459252	4.387634	16.402400
3213	3616.498019	67.421302	4.494021	4.381377	17.050666
3215	3618.554906	67.186797	4.504265	4.389368	16.395586
3217	3620.612594	67.406435	4.489291	4.388779	16.625762
3219	3622.670261	67.350643	4.498672	4.389579	16.357947
3221	3624.726451	67.119853	4.523448	4.389755	17.086488
3223	3626.784209	67.310229	4.516593	4.391373	16.550265
3225	3628.841348	67.048256	4.528218	4.391198	16.683600
3227	3630.898812	67.072118	4.540326	4.392263	16.875762
3229	3632.956307	66.914813	4.550774	4.392086	16.882910
3231	3635.013255	66.961087	4.576250	4.392361	16.151004
3233	3637.070965	66.931081	4.580467	4.393067	16.528339
3235	3639.127585	66.494006	4.585304	4.392264	16.365816
3237	3641.185048	66.467403	4.600046	4.392497	16.532103
3239	3643.241400	66.531515	4.621341	4.394700	16.252758
3241	3645.298657	66.269234	4.618843	4.394239	16.864598
3243	3647.356343	66.151737	4.646009	4.396014	16.059239
3245	3649.412516	66.186526	4.650282	4.395961	16.259397
3247	3651.470599	66.046157	4.657788	4.396604	16.703711
3249	3653.527344	66.078443	4.685387	4.397456	16.099955
3251	3655.584981	66.052020	4.695454	4.398378	16.144410
3253	3657.642176	65.879416	4.713712	4.398921	15.704660
3255	3659.698754	65.782114	4.724135	4.399231	16.377297
3257	3661.756337	65.658618	4.742591	4.401036	16.599777
3259	3663.813923	65.601549	4.738149	4.400122	16.111225
3261	3665.871282	65.576063	4.737321	4.401429	15.880162
3263	3667.927894	65.306810	4.737812	4.400407	15.959107
3265	3669.985221	65.461945	4.760894	4.401942	15.804923
3267	3672.042256	65.222440	4.788200	4.403050	16.407141
3269	3674.099865	65.349263	4.791662	4.403735	15.813480
3271	3676.157064	65.121801	4.791663	4.397232	15.769114
3273	3678.214162	64.963430	4.817828	4.402332	15.723237
3275	3680.271559	65.280518	4.831811	4.405824	15.779399
3277	3682.329223	64.902598	4.828285	4.404262	15.546397
3279	3684.386464	64.811000	4.842801	4.405636	15.842903
3281	3686.443350	64.837553	4.854930	4.406575	15.440813
3283	3688.501062	64.887097	4.868370	4.407704	15.574566
3285	3690.558270	63.339978	3.556748	4.397633	15.516317
3287	3692.615242	64.596149	4.878011	4.407768	15.337480
3289	3694.672517	64.553849	4.895441	4.408522	15.897193
3291	3696.730177	64.511807	4.900402	4.408589	15.712901
3293	3698.787689	64.380861	4.908885	4.409364	15.758662
3295	3700.844414	64.366848	4.920953	4.410073	15.275454
3297	3702.901796	64.438426	4.935895	4.411311	15.298011
3299	3704.958905	64.086466	4.902742	4.406757	15.617165
3301	3707.016050	64.089752	4.977458	4.412565	14.918869
3303	3709.072856	64.061657	4.976935	4.412748	15.012668
3305	3711.130579	63.956560	4.988778	4.412757	15.157480
3307	3713.187716	63.900153	4.993519	4.414079	15.316298
3309	3715.244815	63.746531	4.997102	4.413734	14.912443
3311	3717.302262	63.701410	5.004947	4.414403	15.894310
3313	3719.358846	63.584309	5.017282	4.414908	15.400138
3315	3721.416171	63.484735	5.062253	4.409260	14.946729
3317	3723.473448	63.467870	5.035768	4.415540	15.096231
3319	3725.530696	63.396803	5.061728	4.416637	14.719153
3321	3727.587019	63.536579	5.063340	4.417507	15.020163
3323	3729.644372	63.237092	5.018772	4.412933	14.756026
3325	3731.701128	63.166464	5.074915	4.418228	14.587003
3327	3733.758563	63.093256	5.086976	4.418644	14.802798
3329	3735.815986	63.020637	5.101943	4.419019	14.830571
3331	3737.872859	62.882663	5.117482	4.419554	14.663684
3333	3739.930384	62.776917	5.113106	4.419346	14.485797
3335	3741.987153	62.769005	5.138192	4.420899	15.144920
3337	3744.044258	62.665735	5.154483	4.421901	14.879867
3339	3746.101805	62.726110	5.166290	4.422629	14.659347
3341	3748.158068	62.625106	5.175456	4.423105	14.627456
3343	3750.215952	62.459138	5.193562	4.423907	14.471295
3345	3752.273573	62.268622	5.152499	4.419113	14.239102
3347	3754.330723	62.217970	5.237195	4.418217	14.567747
3349	3756.388220	62.244870	5.218627	4.425159	14.465102
3351	3758.445294	62.264312	5.229969	4.425777	14.481493
3353	3760.502791	62.108504	5.250033	4.427195	14.304768
3355	3762.559982	62.073700	5.241298	4.426986	14.053645
3357	3764.617034	61.794049	5.277836	4.420698	14.311513
3359	3766.673709	61.862223	5.273360	4.428174	13.891466
3361	3768.731197	61.782080	5.287305	4.428162	13.846518
3363	3770.788541	61.692435	5.305398	4.428632	14.118136
3365	3772.845224	61.669445	5.305824	4.429881	13.789182
3367	3774.903484	61.504609	5.314462	4.429989	14.360112
3369	3776.959815	61.427698	5.336559	4.429289	13.970476
3371	3779.017820	61.492438	5.355309	4.431891	14.269031
3373	3781.074902	61.432642	5.360153	4.432120	14.325014
3375	3783.131354	61.417356	5.364973	4.432795	13.988186
3377	3785.189000	61.261746	5.374493	4.432650	13.620109
3379	3787.246169	61.117410	5.381345	4.432897	13.893698
3381	3789.303302	61.119525	5.393301	4.433765	13.806718
3383	3791.360541	60.900622	5.399433	4.433547	14.338338
3385	3793.417060	60.943823	5.403065	4.435079	13.671779
3387	3795.474281	60.863668	5.416502	4.435504	13.544174
3389	3797.531145	60.902547	5.411642	4.436617	14.131625
3391	3799.587895	60.728100	5.432400	4.436406	13.706592
3393	3801.645892	59.296108	4.309707	4.431319	14.025334
3395	3803.702431	60.569956	5.458848	4.436921	13.422410
3397	3805.759521	59.037704	4.143481	4.432566	13.901023
3399	3807.816571	58.854230	4.113101	4.429311	13.713138
3401	3809.873511	60.357745	5.489899	4.439270	13.872241
3403	3811.930856	60.352517	5.499312	4.440679	13.635176
3405	3813.987583	60.229745	5.489290	4.440398	13.343025
3407	3816.045175	60.121407	5.509534	4.441194	13.035130
3409	3818.101992	59.958397	5.534817	4.435327	13.622346
3411	3820.159390	60.034153	5.509791	4.442155	13.664959
3413	3822.216344	59.993951	5.530805	4.443260	13.591597
3415	3824.273364	59.978399	5.540694	4.444122	13.303218
3417	3826.330701	59.890657	5.554241	4.444730	13.479277
3419	3828.388091	59.775403	5.552927	4.445119	12.899484
3421	3830.444990	59.664540	5.559189	4.445442	13.543746
3423	3832.501823	59.460344	5.599544	4.446825	13.201768
3425	3834.559301	59.508223	5.582415	4.447218	13.194011
3427	3836.616427	59.424668	5.580558	4.446833	13.446573
3429	3838.673157	59.481989	5.598313	4.447913	13.244616
3431	3840.730893	59.384805	5.592899	4.448108	13.717103
3433	3842.787100	59.122597	5.633137	4.449502	12.657281
3435	3844.844812	59.266094	5.607307	4.449602	13.259797
3437	3846.902238	59.201884	5.630622	4.449907	13.320377
3439	3848.959584	59.028500	5.646140	4.450360	12.945760
3441	3851.016520	58.868151	5.659247	4.450529	12.929846
3443	3853.073441	58.705272	5.693253	4.451563	13.228685
3445	3855.130715	58.933597	5.676727	4.452134	12.932325
3447	3857.187544	58.763695	5.679904	4.452348	13.032496
3449	3859.245175	58.774889	5.696474	4.452918	12.752398
3451	3861.301131	58.630875	5.704684	4.453595	13.100205
3453	3863.359228	58.696408	5.720740	4.454771	12.931128
3455	3865.415545	58.455920	5.719132	4.454367	12.469102
3457	3867.472808	58.396331	5.732066	4.454769	12.733808
3459	3869.530434	58.308216	5.746724	4.455498	12.569194
3461	3871.586466	58.237771	5.749472	4.456396	12.876902
3463	3873.644595	58.083775	5.759764	4.455731	12.815085
3465	3875.701001	58.289443	5.757266	4.458100	12.640334
3467	3877.757816	58.043452	5.775255	4.457489	12.524175
3469	3879.814439	57.976721	5.780407	4.458449	12.976966
3471	3881.871908	57.917902	5.790582	4.458698	12.683274
3473	3883.928656	57.804720	5.803951	4.459112	12.133393
3475	3885.986207	57.705165	5.812159	4.459416	12.632322
3477	3888.042821	57.683240	5.815791	4.460104	11.923029
3479	3890.100022	57.641035	5.831851	4.461679	12.329021
3481	3892.156622	57.570497	5.850623	4.461687	12.559642
3483	3894.213958	57.373669	5.842412	4.460918	12.343242
3485	3896.271414	57.366612	5.870718	4.462589	12.316551
3487	3898.328237	57.477399	5.872802	4.464499	12.174529
3489	3900.385522	57.276837	5.892030	4.463834	12.207613
3491	3902.442726	57.237936	5.893811	4.465077	12.638036
3493	3904.499640	57.177469	5.909368	4.464685	12.435307
3495	3906.555828	57.096696	5.912362	4.465955	12.567459
3497	3908.613421	57.052296	5.913713	4.466636	12.291838
3499	3910.670504	56.849016	5.914448	4.466152	12.149202
3501	3912.728270	56.893780	5.930724	4.467357	11.730867
3503	3914.784661	56.790537	5.941136	4.467848	11.847973
3505	3916.842036	56.685473	5.966232	4.469122	12.394459
3507	3918.899317	56.712948	5.950886	4.468901	12.094006
3509	3920.957388	56.716090	5.961794	4.470112	12.007303
3511	3923.013650	56.611153	5.970018	4.470192	12.002092
3513	3925.071100	56.638558	5.965410	4.470937	12.112168
3515	3927.127842	56.411452	5.983189	4.470741	11.656545
3517	3929.184928	56.344838	5.991980	4.471628	11.794457
3519	3931.241693	56.278107	6.002875	4.472214	12.162304
3521	3933.299219	56.325194	6.008988	4.472891	11.743081
3523	3935.355559	56.116282	6.012975	4.472954	11.950443
3525	3937.412885	56.055373	6.013054	4.473729	11.614538
3527	3939.469796	56.015626	6.024643	4.474310	11.851579
3529	3941.527791	55.910398	6.018537	4.474616	11.901064
3531	3943.584688	55.998203	6.045843	4.475906	11.752256
3533	3945.640242	55.834952	6.049277	4.476066	11.725319
3535	3947.698026	55.751693	6.055725	4.477370	11.899952
3537	3949.755493	55.661586	6.078434	4.476152	11.476184
3539	3951.812074	55.487964	6.097847	4.477206	11.421854
3541	3953.868984	55.580742	6.086471	4.478641	11.494474
3543	3955.925450	55.432630	6.095996	4.477902	11.562069
